subreddit,self ID,parent ID,time,text
AskReddit,ffa8flw,t3_esc8vq,1579729908.0,Punch myself in the face for poor decisions
Parenting,ff8iw7r,t3_es5yh9,1579680546.0,"My son had pharyngeal Malaysia( I'm sure I spelled it wrong). Inability to keep breast milk and most formula down, severe reflux, rawness from reflux,  watery diarrhea,  slight jaundice.  It was a horrible ordeal but he's 10 years old now and no lingering effects of anything from the early months thankfully.  Good luck to you and your family.  Keep us posted please"
todayilearned,ff8d757,t3_es094k,1579673634.0,Small world that Bikini Bottom is.
OCD,ff8cxmb,t3_es0t37,1579673357.0,I've not gotten up the courage to post on Reddit yet and when I comment and get downvoted ( most I ever got was 7 downvotes for calling a bug nightmare fuel on a What's this insect subreddit) I feel devastated and embarrassed.  I feel equally lousy when I post a positive/ helpful comment on a subject and get zero or like 1 upvote. I mean sometimes I really open up and share to try helping and my comments lack of upvotes makes me feel embarrassed ( yet again). I tend to get long winded and am working on that but I refrain from commenting quite often because...lack of confidence.
funny,ff87ff1,t3_es3it2,1579668145.0,Looks like a buff pissed off Paul Rudd
depression,ff87a2e,t3_es3msr,1579668020.0,Thank you all for sharing and for sticking around. Happy to have you here.
Brooklyn,ff86uyo,t3_es269e,1579667666.0,Red skies at night. Huh? Nice
relationships,ff86dnj,t3_es1z1p,1579667262.0,I just think all ties should be cut with this other couple.  If you're interested in starting over with your wife ( I mean really) then the friendship with this other woman isn't more important than working things out with your wife. The affair and these people should remain in your past. If you're interested in revenge ( or in the possiblity of finding out that your new female friend has revenge on her mind now or later) staying friends with her is one way to find out. Im sorry to say but your new friend will always dislike your wife and you'll always dislike her husband. Is there anything positive to come of being friends with someone who obviously has hard feelings for your S.O?
therapy,ff85qg4,t3_es529h,1579666736.0,"I'd feel as good as the connection between us allowed.  No problem with the tattoo or ear hole. 
At age 11 my son got a psychological evaluation from an awesome Dr who had tattoos and skateboards in the office.  Some decks were on the wall but he kept 3 in the room that could be utilized as footrests or ottomans.  Lol. No riding but sitting in a comfy chair being allowed to all fidget our legs and feet while talking was a real ice breaker and perfect for a family full of attention deficit disorders.  Lol"
AmItheAsshole,ff79vs3,t1_ff66cwu,1579644148.0,Yes you can.
AmItheAsshole,ff79dv8,t3_ervv4n,1579643788.0,"NTA..My stepdaughter did the same to and then some from when she was 11 until 20. Ignored the children I had with my husband even though she was mid 20s when we had them. My husband held a torch for the shred of decency that she may have once had ..ever. We gave her another chance in her late 20s by way of giving her money for her wedding and downpayment on her house. All of a sudden she was semi cordial.  My husband was as happy as a pig in shit. Fast forward 6 years she has 2 daughter's under 5 who's birth we found out about on Facebook. Has never once invited us to her home, cut ties with us and our son's and doesn't have her children acknowledge my husband as grandfather.  They actually met him twice when he went to church to observe their baptisms and got to see them in passing because his daughter wouldn't be the true phoney she is and shun him in front of her in laws.  The in-laws are supposed to believe he's been the bad guy her entire life."
AskReddit,ff78eax,t3_erx73j,1579643147.0,Run back at him. Arms wide open
adderall,ff74pe2,t3_erw783,1579641072.0,"I hate it. Every time I run out or take an Adderall vacation I I overeat which sucks for me because I need to lose weight,  not gain. Oh and drinking water does absolutely nothing to curb my appetite now or ever :("
OldSchoolCool,ff5eefy,t3_ern82q,1579589334.0,Is that Darlene from Roseanne alllll the way to the left ?
OldSchoolCool,ff5eayl,t3_ern82q,1579589224.0,The young lady on the right in the long black pea coat has a timeless and amazing sense of style.
holdmycosmo,ff5e21i,t1_ff5cpms,1579588945.0,Hit the save button. I did.
holdmycosmo,ff5dz5u,t1_ff5d6g9,1579588857.0,Shine on you crazy diamond. P. Floyd
AskReddit,ff5dud2,t3_ero8mj,1579588710.0,Shocked and amazed that I survived the deaths of my parents and grandparents without dying of a broken heart myself.  From about the age of 8 until about 16 I became obsessed and terrified at the thought of anyone I knew and loved dying and thought I couldn't survive without my parents.  I lost them when I was in my early and late 30s and while the heartbreak and loss was excruciating (and still is at times). I survived and have kept their legacy alive for my own children and nieces and nephews.
PostMalone,ff4s13f,t3_erh2u3,1579571057.0,Love this man. Such a gentle soul
adderall,ff4evui,t3_erg43m,1579561954.0,I take Adderall with 150mg Wellbutrin and used to take it with 40mg of prozac. No problems at all with either .
PublicFreakout,fequurb,t3_eq6jzx,1579346284.0,A funny thing happened on the way to the ......
depression,fepwuf1,t3_eq82ox,1579333763.0,Yep..couldn't have said it better myself
Brooklyn,fekej19,t3_epfd27,1579198383.0,Congratulations!
AskNYC,fejkir5,t1_feiseo7,1579177955.0,Been there.  It's as nice in person as it is in pictures. Check Uber's prices there and back if not going by car. If you are driving there's plenty of free parking at this McDonald's
aww,fej3p2d,t3_epc6cu,1579155723.0,Adorable
adderall,feiycji,t3_ep8jh9,1579150653.0,Some good information here. Good post.
celebritylookalike,fdw5ztz,t3_en76sj,1578755384.0,I saw your other post and agree with the person who said you resemble Trent Reznor. I think you have eyes similar to Ryan Gosling and something about you (more than just your hair) reminds me of young Anthony Keidis from RHCP.
celebritylookalike,fdw4z7n,t1_fdvjvjd,1578755127.0,"No. Ellen Page has been around for a while and has been in many movies and TV shows. She's great and very cute. Google her. She was in the movie Juno, Inception and recently she was a main character on The Umbrella Academy.. too many other roles to list. Here's a picture of her. https://bit.ly/35Ml3Mi"
AskReddit,fdw0xjj,t3_en3o6k,1578753897.0,Big Fish. Eternal Sunshine of Spotless Mind. True Romance and Pulp Fiction had me going back to individual characters and trying to follow one story line at a time. Mind boggling but fun.
nycpics,fdpub0w,t3_emhspt,1578640773.0,Nice picture.  Love Prospect Park. So many memories there. Mostly good.
therapy,fdpu2v5,t3_emmz2t,1578640516.0,"I used to be very social as well until about 7 years ago when my mild depression became severe and was accompanied by unexpected anxiety/panic disorder that rendered me agoraphobic for about 8 months. After cognitive behavioral therapy and trial and error with different medications my agoraphobia was under control,  next panic disorder was manageable to the point of feeling ""able to function"" outside of home again. The depression has never gone away fully. At best I've found the right medications and saw light at the end of the tunnel but wasn't able to be in therapy for the past 5 years and still have ups and downs with the depression. I'm more social than when I first got blindsided with depression and such but nowhere near the way I was prior to all my mental health issues. Still, I have been able to make a couple of friends in recent years ( I lost old friends due to isolating myself for years). I think with therapy I can do better and move forward more. Looking into starting again soon. Cognitive behavioral therapy helped me a lot. If you're not familiar look it up. Helped me learn to stop thinking certain negative, self sabotaging thoughts etc. My opinion on your situation is that you very recently had a break down and it sounds like you've made some pretty good progress already by being back in university and having the desire to socialize more.
The fact that it's not something you're acting on or comfortable with yet is probably just because you need a little more time to ease into socializing and making friends just yet. Taking small steps forward is fine right now.  You just went through a difficult time fairly recently. Give yourself some more time to really heal and get more confidence back. No rush. Be polite and cordial to people who seem nice or interesting to you but take things slow right now. Work on yourself and maybe get some therapy if you're not doing so already. Group or individual therapy are options. Group therapy can help with feeling more social again. Explore your options and honestly give yourself credit for the progress you've made so far. Don't push yourself just yet. You'll start feeling better and more comfortable with being social at your own pace.  Don't sweat it yet and don't compare yourself now to yourself before your breakdown. Things are different right now but that's ok. You'll get back to where you were socially or maybe find a new normal that's a bit different from the past you but works for you now. Your interest in people and making new friends is hugely positive.  I had no interest in making friends or being social for a few years( while I struggled with depression and anxiety). But in the past 2 years I made two new , quality friends without even thinking about it and even have a couple of quality acquaintances who I think will become good friends as well.  Good luck to you."
Parenting,fdpmquv,t3_emjfve,1578633046.0,"I'm with you. Late night has been ""me"" time since my boys were on a regular(ish) sleep schedule and I was able to stay awake once they went to bed. That probably started when they were about 3 and 6 years old and I'm still doing the late night thing now that they're 10 and 13 years old. Not every night of the week but at least a few nights. They're more self sufficient now but there's still something about being awake alone after they and my husband are asleep that feels like relaxing and productive to me at the same time."
AskReddit,fdoi2z0,t3_embv3x,1578605585.0,Wonderwall by Oasis. Unwell Matchbox 20. Outshined by Soundgarden.  Smells like teen Spirit by Nirvana
pearljam,fdo3wzy,t3_embbk3,1578598438.0,"Black, Alive,  Dissident"
adderall,fdo2uaf,t3_embm0q,1578597870.0,"I live in NY and had similar issues with CVS for years. Either they would claim to be out of Adderal, or claim that Adderal was on back order and sometimes they'd even say I was too early for my next script when I absolutely wasn't. I stopped using them and refuse to ever start again. I use a local mom and pop although Walgreens and Rite Aid have both been fine in a pinch. CVS is unethical as all hell, in my experience."
AskReddit,fdkzbsf,t3_elssvy,1578514266.0,"That everyone driving on the highway in the same direction as us at the same time as us was going exactly  the same place we were going ...example: amusement park , my grandparents house, the beach"
femalehairadvice,fdi6ev8,t3_elhhns,1578436551.0,You look so exotic with the bangs.  Stunning
PublicFreakout,fdhlgsb,t3_eladgr,1578425165.0,What is it about McDonald's that turns people violent?
adderall,fddbym4,t3_ekr45m,1578304797.0,"Definitely have seen the shadow people and /or shadow critters after 
a couple of nights with little to no sleep thanks to an occasional Adderall
""bender"". Sleep, hydration and giving my eyes a little break from screen time
has always helped me immensely.
Try to get some quality sleep. The shadows never showed up in my dreams or at all after sufficient rest and occasional weekends off from Adderal."
adderall,fd1oqg8,t3_ejtw8z,1578134418.0,Nice. I have an annoying habit of leaving change in various spots around the house and vowing to organize it some day. Your accomplishment is oddly satisfying and motivational to me
awfuleverything,fcvqhn1,t3_eiyk5u,1578007808.0,But why look just plain dead when there are filters and editing apps that can make you look glowing and dead with a certain softness to your face? :)
DoesAnybodyElse,fctbowo,t3_eikno5,1577938287.0,Not only that but I still think the 1990's was only 10 -15 years ago tops.
OldSchoolCool,fcpcecm,t3_ei74v7,1577858133.0,Amazing resemblance but with kinder eyes than Paris Hilton ( from what I've seen in pictures of her ). Very pretty mom you got there.
femalehairadvice,fcpc9a4,t3_ei8tqr,1577857981.0,You look so cute and pretty. Love it.
adderall,fcpc61m,t3_ei8xd4,1577857884.0,"I can relate to so much of what you wrote about here. I'm a disaster when I stay off Adderall for more than 2-3 days. I oversleep, over eat ( and lots of carbs and sugar. Ugh). My laziness and lack of motivation undo most anything good I accomplished on Adderall ( work, house cleaning, keeping appointments, socializing and more). Then Ifall into some kind of weird swamp where I am not even really motivated to take my adderal once I get in such a down head from not taking Adderall for a few days. Then when I do go back body my prescribed dose I spend the first day or so feeling guilty and melancholy about what a waste I am without my medication. Adderall breaks of more than 3 days suck for me. Need to stick to the occasional weekend off here and there for tolerance and because sometimes a day or two or relaxing is good for the soul."
AskReddit,fcpbp3q,t3_eic8yl,1577857394.0,"Yes. Yes . Yes. Yes . To stand app for myself in a shitty situation with my in laws that went on for too many years, to appreciate people that are now gone, to see Chris Cornell in concert as many times as possible before that would never be an option again :( ,
to appreciate my younger self and stop being so self conscious and critical of my every flaw, to treat my battle with  depression with the knowledge and experience that I have now when it first hit me in 2010, to see my kids at that young age again and hear the adorable little squeaky voices they had. The ones I didn't notice until they got their big kid voices. Etc etc"
DoesAnybodyElse,fcn7q3q,t3_ehxhwy,1577805444.0,"I prefer the couch over my bedroom for the most part when I'm sick. 
I'm not sure if I find it more comfortable or more comforting to be on the couch when sick. Being in  bed sick can feel so isolating in my house.  Between my husband and two kids it could be hours before anyone pops in to see if I need anything.Really sucks when your super sick. So now I plant myself on the couch whenever I'm sick. It's definitely  comfortable, and more convenient  in case I need anything. Plus it also makes me feel better to be able to keep an eye on the kids after school ( they're 10 & 13)  while their father is still at work."
AskParents,fcn6d6e,t3_ei37d6,1577804450.0,"My son's are 10 and 13 now so they stay up and we visit family in Brooklyn where there's hoopla in the streets for a few minutes at midnight. Noise makers, cider, the countdown.
When they were about 4 and 7 we started a ""time capsule"" tradition. We'd take a small box and put little things in it that represented life over the past year. Maybe a Pokemon card , a small toy, drawings or a short written story about the year that was ending. Some years we'd write notes to our future self.  Then we'd write the year on the box and decorate it a bit and off the box would go into it's safe place ( a storage trunk in the basement)  to be opened the following New Year's Eve and so on. Last year they seemed over it and rolled their eyes at the time capsule. Ouch. Not sure if we're doing it tonight but it was something we all enjoyed when they were a bit younger :)"
celebritylookalike,fcn4qxz,t3_ei3kom,1577803227.0,"You do. But you have a cuter nose .
 I agree with your family. Definite resemblance :)"
celebritylookalike,fclqwzl,t3_ehuyf4,1577754296.0,"Yeah, Taylor Lautner or whatever his name is from Twilight for sure."
oddlyterrifying,fckye75,t3_ehnys4,1577735850.0,Looks like a long lost relative of the Mermaid family
BlackPeopleTwitter,fckajcx,t3_ehjj0r,1577720913.0,D'Pez  Poopsie
aww,fcitv55,t3_ehacp5,1577669685.0,Father Ape has same metabolism as me. Eating only twigs. Maintaining excess weight
AmateurRoomPorn,fcit9k3,t3_ehb48k,1577669272.0,You're gonna make it after all. Can't help but think of the Mary Tyler Moore show at the mention of Minneapolis
nonononoyes,fcit0r9,t3_eh8n0g,1577669107.0,What is this sport even called?
wildlifephotography,fcisuvy,t3_ehbh9o,1577668997.0,His face is especially adorable
holdmycosmo,fcirvxv,t3_ehc8p6,1577668355.0,That's some confident falling
tifu,fcirra1,t3_eh90zh,1577668269.0,Shittty food tip. Toast and butter 2 slices of bread. Put cheese between the toasted bread and microwave for about 45-60 seconds. This is only in the event that a frying pan and stove top are not an option
SweatyPalms,fcie0kd,t1_fchm8xi,1577661138.0,I would not trust that bridge under my car.
therewasanattempt,fcidsnn,t3_eh9w4p,1577661046.0,If only I had some sand to put my head in.
PostMalone,fchcjoz,t3_eh8c7t,1577649261.0,Cute.
circlejerk,fch8o94,t3_eh3ckk,1577648280.0,Yazoday
depression,fc9l2co,t1_fc99l5w,1577554259.0,So relatable to me.  Sigh
femalehairadvice,fc7g6n3,t3_egi59l,1577506459.0,Yes bangs !
aww,fc7dlvq,t3_egisn6,1577504308.0,Sup. You good ?
adderall,fc1tlur,t1_fc1a1n9,1577329316.0,What's dxm?
mentalhealth,fc1sytp,t3_efnpbg,1577328738.0,"Yes, very often."
AskReddit,fbsqv91,t3_ee4y56,1577058975.0,Habitual line stepper.  Hearing Charlie Murphy refer to Rick James as this on Chapelle Show changed my life . For the happier.
