subreddit,self ID,parent ID,time,text
JUSTNOMIL,ff7x1s5,t3_es2a9s,1579660390.0,"Nothing is going to work for her until she wants it herself.  Best case scenario, you and husbamd disengage and tough love sets in and she tries.  Or you just get to be less sad when she eventually drinks herself slowly to death because the relationship died years ago."
JUSTNOMIL,ff6jgz9,t1_ff5zwop,1579628513.0,"Also, I can't help but feel MIL is pretty dense.  Maybe OP didn't see it coming because she has dinner with her parents and has dinner with his parents...combining the two is just more of the same event and efficient.  You get invited to dinner with your child's partner's parents?  That's an announcement dinner."
washingtondc,ff5virp,t3_ertylu,1579611686.0,"Public transit would be a much more pleasant experience without the public.


I still want to know the story behind the frozen garlic bread wrapper I saw on the circulator.  Did they eat it frozen??"
pics,ff1rk6t,t1_ff01p6q,1579484607.0,And it turned them into the capitalist monsters ruining the planet today.  For the good of the planet they choose to hold on to all those profits.
JUSTNOMIL,ff1oos1,t3_er1nmn,1579482781.0,"I'm not you and we likely have different experiences.   It has been months since my mother took her first non complimentary thing from me and decided it meant NC.  It isn't every night, but it is a lot of them that I dream about my shitty broken family filled with narcissists who refuse to even try to be better.  


If she haunts you at night, from my experience it is normal.  The universe isn't trying to tell you anything.  Stay strong."
funny,ff1n9pm,t1_ff1fnhu,1579482007.0,He couldn't even feel it through the plastic toy.  That is a giving friend who simply wanted his friend to have his ass slapped and tickled.
JUSTNOMIL,fevbe5d,t3_eqnlvn,1579395360.0,Hmm.  I realize retail space rent is absurd in NYC but I have to question how many dresses they have on site that they can justify only stocking a zero sample for each.
pics,fepgzla,t3_eq8s0x,1579320253.0,Is that something from the Henson studios?  She looks like a muppet.
JUSTNOMIL,feoy4jk,t3_eq5mq5,1579307913.0,"Oof do I identify with having the person in your life who chooses NC because you dared suggest they try to be anything else but the toxic sack of shit they are.  To my family, yours, and that random blog lady let me offer the most resounding ""Okay, Boomer""."
JUSTNOMIL,feov5ij,t3_eq50zr,1579306105.0,"""She told me my reasoning is “BULLSHIT” and that I don’t care about her or my SIL.""


You're half right, which is honestly impressive given the anount I believe you have a functioning brain."
pics,felno2u,t3_epp6lh,1579226520.0,"Expect to hear from Disney's lawyers!  They want all the ""internet points"" you got from this!"
funny,fejvswo,t3_eph2t5,1579187001.0,"Man, I really don't understand the rules of Cricket.  How many points is this?"
JUSTNOMIL,feil3dm,t3_ep8xse,1579141042.0,Tell her every time she brings it up is 1 week she will be barred from meeting any child you might have.  If she actually wants to be a grandma she better keep her trap shut until you guys are ready for it.
todayilearned,feikjiz,t1_feiip9h,1579140673.0,"There are, but they mostly have rich friends.  For most of us a sudden influx of cash among our non rich friends changes things.  Suddenly there are people who were never more than a Facebook acquaintance all up in your face trying to be super nice to get things. Dinners with the same group of people where you laugh about how frustrated John gets about how much you all suck at math in splitting a check become an expectation that you will pick it up with your lottery money.  And it isn't the money, it is the loss of your friends as peers as you once were."
JUSTNOMIL,fei1q7q,t3_ep9fzh,1579128371.0,"I hope it is the end, but if it isn't I hope you can get a copy of the court paperwork associated with her case from the arrest to frame right next to the lawyer letter.  Can someone needlepoint it onto a throw pillow?"
funny,feffias,t3_eos4u6,1579055236.0,I assume it is a similar scaling that in my 30s I forget by age by a year or so off the cuff.  I'm curious if there is a mental condition here or if birthdays become such a nothing combined with your perception of time (5 minutes of timeout used to be hell as a toddler) that you don't really recognize that 10 years have gone by.
atheism,fecd0mz,t3_eobuf4,1578971042.0,And it is unsurprising why Christianity was forced onto the slaves.  It feels a little odd that so many of their descendants are into it...I believe it was Chris Rock who said you have no fucking memory.
todayilearned,febuteu,t1_fe94iaw,1578962991.0,I realize Americans are always threatening to move to your country for things...but the fact that you guys police the amount of honking may be the most compelling thing I have ever read.
JUSTNOMIL,febjzqt,t1_fe870zc,1578959638.0,The baby lacks the cognitive development and frame of reference to be much of anything.  Doctors are saying that <mother>'s pregnancy is on track despite that she is feeling <thing>.
JUSTNOMIL,feb4ng4,t3_eo4m50,1578955354.0,Wouldn't trust any birth control that has been under the same roof as her.  They are never THAT crazy until they are and you're kicking yourself for not having seen it coming.
atheism,fdttht0,t3_emqgv6,1578721948.0,Then god is fucking weak bullshit since the gays got PrEP.
JUSTNOMIL,fdsrct2,t3_emwp7y,1578706947.0,I'm in my 30s and enjoy being nude in my own home.  There is nothing naughty about it.  I would say if anything is inappropriate it is a judgmental bitch being around for your daughter's naked time!
funny,fdlton9,t1_fdlagzr,1578532246.0,Hopefully they don't have children or pets.  Just because it didn't die doesn't mean they aren't in need of a feeding.
funny,fdl57fg,t3_els66c,1578517240.0,[After one hour trying to put my soldiers to sleep](https://youtu.be/0nwQKljToPw)
JUSTNOMIL,fdeae15,t3_ekvoc5,1578334699.0,Tell your dad that maybe she wouldn't be such a cunt if she didn't have 21 years of free reign until someone literally grew into existence to finally say something.
JUSTNOMIL,fde8w1f,t3_ekuy2x,1578333746.0,You can really piss the old bat off by telling her you are raising your child consciously so as to not force any gender or national identities onto them.
JUSTNOMIL,fdal1ry,t3_ekdn99,1578247267.0,Sometimes we say unkind things in the hopes of shocking people into doing something hard but necessary.  Why did she call you?  Was it because she has run out of people in her life who still give her the desired reaction after so many overdoses?  Clearly what is happening now is not working.
JUSTNOMIL,fd9kow1,t3_ek7wx3,1578234688.0,"Bwahahaha your brilliant plan of ""existing"" has deeply damaged your boyfriend's view of his mother when she did something dumb and crazy.


I love it when a plan comes together!"
AskReddit,fd6u010,t3_ek07fx,1578195691.0,Legally define mine as a pivoting wall fragment and encourage everyone to follow suit.
JUSTNOMIL,fd6m4ou,t3_ek63v8,1578192990.0,I have experienced music on CDs forced into my hand while walking through the city less shitty than that.  Lyrics aside.  They should still be ashamed for wanting this.
JUSTNOMIL,fd66sli,t3_ek3h5b,1578186353.0,Just think.  You can be the start of a thrift store painting someone buys because they are profoundly curious why anyone would bother to put brush to canvas for it.  You can also write a letter and put it in the frame with clues to the mystery.  So much intrigue you get to introduce to this world!
JUSTNOMIL,fd3o54w,t3_ejsdy2,1578160197.0,Good lord the woman needs a hobby.  She's planning her loneliness after her husband passes and naming and dressing hypothetical children.  Maybe try living in the present...
JUSTNOMIL,fczgyzc,t3_ejlugs,1578101034.0,"If her broken brain is anything like the thing going on with my mother, point out that you don't know why she chooses to spend time with people she only has negative things to say about.  If my experience is the blueprint, she will blame those peole for being negative and stop talking to you because you had something noncomplimentary to say about her.


Then just be free."
JUSTNOMIL,fcy7vmf,t1_fcwwkgc,1578076003.0,What?  There are literally signed forms that someone wanted them!
todayilearned,fcvtc6d,t1_fcvstlh,1578009640.0,That's neat.  I learned something today.  Good on them for being more sensible than some of the people in this country!
todayilearned,fcvsn3v,t1_fcv6zhk,1578009197.0,"That's just good planning right there.  Super devout for spiritual purposes but still have immediate access to modern technology should it be necessary.  Hell, you can probably blame him for forcing that medical procedure while you were incapacitated.  Clever girl."
JUSTNOMIL,fcsve4f,t3_einf2u,1577926081.0,"She's unmedicated alright.  But I don't think the culprit is simple depression.  BIL seems like a solid dude, when you get everything settled for yourselves don't let him be stuck in hell."
JUSTNOMIL,fcp29r8,t3_eic3qp,1577848263.0,"No.  You stop it.  Stop breaking NC.  Don't get me wrong, my semi inebriated self can appreciate poking the bear when the bear is that ridiculous after being poked.  But the non inebriated portion of me knows when you are just throwing logs into the crazy fire.  The first text was fine, it established a boundary.  Anything beyond that is you getting baited by a crazy bitch."
JUSTNOMIL,fcp0zrn,t3_eic2u4,1577847161.0,"God, what a n00b at triangulation. 


Honey. She. Ain't. Leaving.


Did she fucking stutter?"
JUSTNOMIL,fcox9c1,t3_ei65gt,1577844095.0,Send them your kidney stones after they pass as the baby you were growing inside you.
JUSTNOMIL,fcouqd5,t3_ei8tuy,1577842094.0,"Literally none of this is on you.  Option 1.  If he wants to string his mother along rather than having an open and honest relationship as an adult for some weird self preservation based on mommy's reaction, that is his problem.  You will not be staying at her home.


I assume you have a credit card.  If things fall through on that air bnb because of any horseshit reason, book a hotel or anything else.  Staying with them is nonnegotiable.  You and your child are not meat shields for her nonsense."
JUSTNOMIL,fcou11m,t3_ei9gyg,1577841539.0,"Sadly a major gift giving holiday has passed.  Because the perfect item is an indestructible case...and then everyone adopts neice's photography policy.  


Just live in the god damn moment CC!"
pics,fcojkl5,t3_ei4f4a,1577833836.0,This was door.  Door was a fool to think he could contain Goose.
funny,fcm519m,t1_fcli718,1577764418.0,"How come I have to go to a job to make the money that gets me the food that makes me overweight while dogs just get to be fat in exchange for people touching them.  Also, how come no one ever touches me!"
worldnews,fcm4rwa,t1_fclpb3g,1577764225.0,"Satan wouldn't think he was ""good"".  But might consider him an asset."
JUSTNOMIL,fclwy2l,t3_ehvbga,1577758484.0,"She wanted him to stay with her as a fucking ghost???


She could have just been dumb and didn't understand that small orange (in color) citrus fruit that ISN'T an orange isn't a trigger...but no.  It sounds like the bitch was intentional.  Nuke from orbit and salt the earth."
AskReddit,fclrqmi,t1_fcku0mt,1577754865.0,"Brilliant!  You could walk up to me to try to say ""I'm the person that could get you a ton of money"" and I'd thousand yard stare ahead and say ""No. Sorry""."
JUSTNOMIL,fcllr3e,t3_ehno6w,1577750753.0,"Was the end result, ""Maybe I won't tell her about the mask if it is just going to be another story about my brother""?"
JUSTNOMIL,fcikzft,t3_eh7lc0,1577664308.0,"Sounds like someone needs an elaborate family tradition in which Santa is replaced with Grandma Clampett from the Beverly Hillbillies. She doesn't know what to do with all that oil money, so she buys gifts for children!  Or a more direct approach of, ""No.  It isn't.  Mom and Dad bought that"".


Husband needs several seats as a late Christmas present."
JUSTNOMIL,fcfooi0,t3_eh4wq6,1577632321.0,And shit like this is why you would pay professionals rather than hand them over to this nutbag.
atheism,fcfi3c8,t3_egzrwj,1577630199.0,"I can see a bunch of people saying ""Thank god"" when it is finally over.  Not really sure that qualifies as a revival."
funny,fcfftmb,t1_fcc86hb,1577629558.0,Do not attempt anything.  They know what they are doing and will not appreciate you preventing them from going back to hell.
JUSTNOMIL,fc6n1f0,t3_egeobq,1577484463.0,"Well, I suppose the silver lining is that your neighbors are now primed for the ""Hey, we have an insane person stalking us that is my MIL, can we put some cameras on your house?"" conversation. 


They'll remember how fucking crazy it was that the mother of one of the people in the process of buying that house came and knocked on their door that one time."
JUSTNOMIL,fc4bz1d,t3_eg0gck,1577412267.0,"I can't imagine how he ended up with anxiety issues with such a calm and stable influence in his life!


He needs so much therapy to come to the realization that no amount of people pleasing will stop someone like this from hurting him.  He could giving tree himself into a stump for the woman and she'd still want more.  The fact that you are saying he won't come out of it is troubling.  Not for anything against you, but for what you must have seen to say it.  


It is troubling that she is leeching off her father.  She sounds like a boss fight vampiric lord of emotional black holes."
atheism,fc3ad26,t3_efurod,1577385323.0,"""Interracial marriage is wrong!"", says man who worships a hypothetical byproduct of a non-human impregnating a young girl."
funny,fbwywvx,t3_eeodli,1577163339.0,"I see the bots of ""Big wrapping paper"" have descended on the comments section.  Stay strong!"
