subreddit,self ID,parent ID,time,text
meme,ff6tyw8,t3_erv1wo,1579634832.0,"u/repostsleuthbot

Nice job bruh"
PrequelMemes,ff6oxgu,t1_ff6os5y,1579631827.0,Dew it
PrequelMemes,ff6ovr3,t1_ff6nso1,1579631799.0,General reposti
RDR2,ff6oauz,t3_eruihf,1579631447.0,Haha
FiftyFifty,ff6ntnu,t3_erqk6r,1579631160.0,"Everyone talking about how they would eat baby yoda 

This guy would eat you"
doglovers,ff6g1zx,t3_eru2lp,1579626416.0,I am so sorry
rareinsults,ff6fxiq,t3_erudbr,1579626339.0,Bruh is that ewan mcgregor?!
PrequelMemes,fexwd5d,t1_fexwbjf,1579437578.0,Eat shit because of my request
justneckbeardthings,fexqtbp,t1_fex5big,1579434870.0,SHOTS FIRED
meme,fexh24z,t3_eipjnw,1579430878.0,"u/repostsleuthbot

Bruh i just saw this meme how?"
meme,fexgw1m,t3_eipjnw,1579430795.0,Its true also MADE WITH MEMEATIC
meme,fexfv1t,t1_fewn67m,1579430305.0,Jack?
meme,fexft62,t3_eqq6j5,1579430280.0,Yeah jack is gay
dogs,fexfjfd,t3_eqpoak,1579430163.0,You should go out with him more so he can dig and stuff
doglovers,fexfcx0,t3_eqqjcy,1579430084.0,Im sorry you lost her <3
PrequelMemes,fexf21u,t3_eqohof,1579429937.0,Like they could have just shot her?
RoastMe,fexesf1,t3_eqrvd2,1579429816.0,Cant tell wich one is the girlfriend
PrequelMemes,fetmqgq,t1_fes4zat,1579376946.0,Gör det (swedish)
PrequelMemes,fetlv8k,t3_eqh0ki,1579376734.0,General reposti
PrequelMemes,fetkemz,t3_eqcv35,1579376331.0,I am 99°% sure it was me
PrequelMemes,fetj9i9,t1_fescg6z,1579376024.0,Be patient in just a moment the producers will come and get us out
PrequelMemes,fetizgf,t3_eqexx0,1579375933.0,"WEEB SCUM THINKING THEY ARE BETTER THAN US, PREPARE THE ION CANNONS"
rareinsults,fetinci,t3_eqh4a4,1579375821.0,Lmao left the whole notebook
neckbeardRPG,feti7sa,t3_eqi1f1,1579375683.0,Just saw This exact post is on r/justneckbeardthings
aww,fero8py,t3_eqecum,1579356418.0,God forgive me for what i am about to do
BikiniBottomTwitter,fern14q,t1_fermt5k,1579355988.0,This pathick is making me hella patsick
AskReddit,ferlolv,t3_eqd510,1579355527.0,r/jelqing thats what he saw no questions asked
AskReddit,femsqiz,t3_epwdqa,1579268538.0,Buy materials for a pipe bomb and put it in a veterans home
AskReddit,femsk7r,t1_femsfac,1579268397.0,You were right just looked at cnn and it said they had ruled it out
AskReddit,fems7dm,t1_femqvlj,1579268103.0,"They are making one after the new ""no time to die"" movie"
AskReddit,femqiqa,t1_femqaej,1579266656.0,"The new movie ""no time to die"" will be the last one ever to have a male protagonist"
rosesarered,fegxwkg,t1_fe5674l,1579104980.0,"Lol you didnt even add a ""roses are red"" thing"
meme,fegmvuo,t3_eoz0r8,1579097550.0,"u/repostsleuthbot

[Edit] Are you proud?"
meme,fegmb10,t3_eoz0r8,1579097097.0,Thank
karma,fegm1ti,t1_fefw7q8,1579096895.0,Wow
foundthemobileuser,feglnah,t3_ep1h3s,1579096574.0,I dont think thats how it works
memes,fe6nysg,t1_fe4wuym,1578897576.0,Ah yes the ol' reddit switcharoo
meme,fe6n4hx,t1_fe6n2ik,1578896652.0,OH AND ITS A REPOST LOOK AT THE POST HAHAHA
meme,fe6n14c,t3_enq6da,1578896553.0,u/repostsleuthbot
meme,fe6mokf,t1_fe5nwqv,1578896169.0,really?!
meme,fe6mfq7,t3_entf51,1578895895.0,Thats common knowledge
meme,fe6m72z,t1_fe6m64q,1578895641.0,Nice
meme,fe6m57m,t3_enru37,1578895586.0,u/repostsleuthbot
memes,fe6lyr2,t3_enx40q,1578895393.0,:(
wholesomememes,fe6lioh,t3_ensh62,1578894927.0,Yeah FUN
memes,fe533qu,t3_enouox,1578865214.0,"This is too good to be true just checking

u/repostsleuthbot"
meme,fe51len,t1_fe51j25,1578864847.0,"WOW

you proud?"
meme,fe51btc,t3_enmo2v,1578864750.0,u/repostsleuthbot
rosesarered,fe51496,t3_enl9sh,1578864672.0,You cant just crosspost a meme made by a different guy lmao
justneckbeardthings,fe50499,t3_ennkkz,1578864438.0,This is a repost or someone reposted it
justneckbeardthings,fe4zye9,t3_ennkkz,1578864378.0,u/repostsleuthbot
foundthemobileuser,fe4znjd,t1_fe4rx0l,1578864271.0,Hahaha
memes,fdx88da,t3_en7t6n,1578766289.0,*Darth* (chase) *laser*
RoastMe,fdx6n92,t3_emzqvq,1578765858.0,Wow looks like you decided to drink something that isn't brandy for once huh?
study,fdx65g7,t3_en2fdl,1578765682.0,Good luck my dude
cabbagesucks,fdptrm1,t1_fdkf04f,1578640153.0,no
rollme,fdps7ri,t3_emke9i,1578638458.0,u/rollme
RoastMe,fdprz3v,t3_emcjqc,1578638206.0,Can't tell if you got the nike logo over your eyes or crowbars
aww,fdprp3v,t3_emklv2,1578637919.0,YOU ARE A HERO
sweden,fdprgp7,t3_emg5jk,1578637675.0,Episkt
AskReddit,fdk1v62,t1_fddyydx,1578493988.0,Hey thats not to bad
cabbagesucks,fdk1tmo,t1_fdeqx8y,1578493956.0,no
AskReddit,fdk1q6p,t1_fdgh8uq,1578493889.0,Oh god
rosesarered,fdjecw7,t3_elj8eq,1578467281.0,"Elf in a shelf

*jesus on a cross*

Wel that escalated quickly"
meme,fdjebb8,t3_elkkd3,1578467231.0,Fuck brock
foundfelix,fdjdqcw,t3_el90oa,1578466574.0,Haha pigg som en mört spelar jag tralala
aww,fdjdm8x,t3_elkvc0,1578466447.0,The coolest baby ever
AskReddit,fdjd725,t3_eled64,1578465993.0,"The endless train of

R/somethong

r/foundthemobileuser

r/foundthehondacivic

r/ihavereddit"
AskReddit,fdgfkxr,t3_ekzpvd,1578394519.0,*are you the devil?*
AskReddit,fdgfh2y,t3_ekx7gi,1578394371.0,"Because you wanna see my papers?

Well i pick scissors

*drives away*"
memes,fdgds1q,t1_fdgdqbt,1578391983.0,I was talking about that but coleman built a bipedal tank aswell
wholesomememes,fdgassq,t3_el3o1k,1578387621.0,Wha... what happens with the puppies when they grow up?
memes,fdgajmu,t3_el7ucq,1578387259.0,"ADVANCE!!

*brrrrrrrrrrrrrm brooooom brrrerr"
memes,fdgagvy,t1_fdfe7k9,1578387154.0,Coleman?
LWIAY,fdgaf4z,t1_fdfvghj,1578387085.0,What really! its almost like i was trying to make a joke
PrequelMemes,fdgadhm,t3_el4bnm,1578387019.0,"*execute order 22*

*yes mylord*

Shoots weeabos"
aww,fdejko6,t3_ekuuym,1578340393.0,Thats so cool
AskReddit,fddwv1z,t3_ek7l30,1578325937.0,Snaccos
AskReddit,fddwtxv,t3_ekl2z9,1578325915.0,Running in circles singing all star naked
AskReddit,fddword,t3_ekt64a,1578325816.0,Apparently i get to use a 1930 45 acp submachinegun with exploding bullets
AskReddit,fddwkob,t3_ekqo51,1578325738.0,TWEET THE NUCLEAR LAUNCH CODES
AskReddit,fddwir9,t3_eksog5,1578325701.0,My pp
AskReddit,fddwgwx,t3_eku4vg,1578325666.0,Being able to go into slow motion
AskReddit,fddwezr,t3_eks7x3,1578325629.0,Free suicide pills
AskReddit,fddwc9f,t3_ekqjyi,1578325577.0,Sofas with small spikes on them that makes you stuck in the sofa and bam *eternal suffering*
AskReddit,fddw957,t3_ekf2qh,1578325516.0,Being mr beast
AskReddit,fddw7y1,t3_ekpqpe,1578325494.0,*sayonara sweet vegana*
AskReddit,fddw3b5,t1_fddvyvd,1578325406.0,Nononono you dont you little
memes,fddvqva,t1_fddsadx,1578325167.0,"This is where i did it to em

No"
memes,fddvc62,t1_fddv8g8,1578324881.0,"Yes son i have got the milk

And cigarettes"
memes,fddv2gn,t3_eksygg,1578324692.0,Thank you panzer of wisdom
wholesomememes,fddv0bm,t3_eksmll,1578324651.0,u/repostsleuthbot
memes,fddutwt,t1_fddstnq,1578324525.0,E
RoastMe,fddukxe,t3_ekk478,1578324351.0,You look like a cheap knock off of roxie from chicago
RoastMe,fddui5j,t3_ekslqd,1578324296.0,Are they treating you well at the homeless shelter?
RoastMe,fdduf2p,t3_ekfa0p,1578324236.0,Your forehead makes you look like master windu
justneckbeardthings,fddu496,t3_ekrlt1,1578324022.0,Cons its very hard to clean
memes,fddtsgl,t3_eibezn,1578323785.0,u/repostsleuthbot
cabbagesucks,fddomv5,t1_fdb8d0a,1578319706.0,no
memes,fddofku,t1_fddoeyn,1578319525.0,Sorry just wanna check
