subreddit,self ID,parent ID,time,text
wholesomememes,fe6qk04,t1_fe6qjlf,1578900726.0,thank u bro
