subreddit,self ID,parent ID,time,text
socialanxiety,ff25bob,t3_er6lvz,1579494228.0,"If you suffer from social anxiety, you'd stay at home. It's not easy to even go outside,'cause, people, you know?"
lonely,feyg8w5,t3_equ438,1579445100.0,It feels nice separating them and then breaking them into pieces hahahaha jk
socialanxiety,feyftt9,t3_eqjw9x,1579444933.0,Yeah and the teacher made me read another paragraph because the one I had read wasn't lengthy enough lmao
lonely,ferpcmu,t1_ferfgml,1579356823.0,And hurts the most when you understand that no one wants you in any way
