subreddit,self ID,parent ID,time,text
gay,ffv6ku5,t3_ev6qxc,1580256892.0,As a gay man who grew up in the 70s and 80s I’ll take this over being chased with sticks and guns any day.
