subreddit,self ID,parent ID,time,text
todayilearned,fffubkp,t1_fffu7fu,1579891962.0,Not according to my mother who says it wasn't just his barely edible
todayilearned,fffs8em,t1_fffrujv,1579890670.0,"Idk what his actual position was, all I know was he made the food and it was bad, the guy died before I was born so its not like I can ask him"
PrayersToTrump,fffofds,t3_etdc59,1579888318.0,"My grandmother posted something like this, telling people not to cut SociL Security all while. Voting trump.

Its brainwashing pure and simple"
todayilearned,fffobz3,t1_ffez9l7,1579888262.0,"My grandfather worked in a hospital as a cook when working multiple jobs, one if several reasons my mom got a job at 14 was his cooking.

The other was that they were working poor"
Showerthoughts,fff7r2f,t1_fff7nq1,1579877834.0,"I'm Gen Z, though I did just fall off the wagon while playing a fps game so that explains a bit about the situation"
BrandNewSentence,fff6asn,t1_fff1tvq,1579876805.0,"A.  I didn't know about the Mental Health, as someone who is seriously struggling with severe depression, I don't blame him.
B. I would gild this comment for informing me its at thepublisher and therefore the wait is almost over but I don't have the money"
BrandNewSentence,fff66hb,t1_fff1ta9,1579876719.0,Considering I'm also a Kingkiller Chronicle fan I already knew
forwardsfromhitler,ffey7sb,t3_et8n1u,1579870155.0,"I feel like I'm missing out on major context here.

But yeah this guy is a major antisemite"
BrandNewSentence,ffex7xu,t3_et8smd,1579869161.0,"And I notice none of those is, The Thorn of Emberlain is finished.

ITS BEEN 9 YEARS SCOTT LYNCH, 9.

Edit, its done,

Thank the nameless 13th.

Thank you kind sir, I just wish I could give this silver to this other user"
COMPLETEANARCHY,ffadso0,t1_fep6t7x,1579733208.0,Yeah but that makes the meme less funny
COMPLETEANARCHY,ff6wu5q,t3_erx4my,1579636522.0,"Actually no, his lack of killing innocent people wasn't for lack of trying.

He attempted a bunch of random murder"
COMPLETEANARCHY,ff362pc,t3_eqkkhn,1579534554.0,You know that was probably really fun until it wasn't
COMPLETEANARCHY,ff34esf,t3_eqr991,1579533398.0,Parrots are really smart too
IncelTears,fezvvjf,t3_emz18c,1579462333.0,"Oh my God, if that poster went through with it, may she get the peace she deserves"
HumansBeingBros,fezv5k1,t1_fextwha,1579462064.0,Thanks for my first ever silver kind stranger
vegan,fezdjcz,t3_eow26m,1579456211.0,"Man I would never be vegan and infact I occasionally mock it, but damn, this took fucking balls"
HorriblyDepressing,fezd4ri,t1_fezcyca,1579456093.0,"Thanks, I had to shovel snow for over an hour today so i got plenty of sun."
HorriblyDepressing,fezboh0,t1_fezaz9a,1579455732.0,"Im very openly opposed to Monarchy,
I am having a really rough time yes but I don't know if this is me projecting"
LeopardsAteMyFace,feylxmi,t1_fehk690,1579447372.0,Those Miners are heroes of mine
wholesomefloridaman,fexvkos,t3_eqv7nt,1579437144.0,"Y’all know me. Know how I earn a livin’. I’ll catch this bird for you, but it ain’t gonna be easy. Bad fish. Not like going down to the Great Lakes and chasing Trout and Waterfowl. This Gator, will grab you and get you in the death roll, drown you an rip ya to pieces, I'll get the gator and we gotta do it quick, that’ll bring back your tourists, put all your businesses on a payin’ basis. But it’s not gonna be pleasant. I value my neck a lot more than three thousand bucks, chief. I’ll find him for three, but I’ll catch him, and kill him, for ten. But you’ve gotta make up your minds. If you want to stay alive, then ante up. If you want to play it cheap, be on welfare the whole winter. I don’t want no volunteers, I don’t want no mates, there’s too many crazies in thus City  Ten thousand dollars for me by myself. For that you get the Snout, the tail, the whole damn thing.

Edit yes I did just alter Quint's town hall speech from Jaws"
HumansBeingBros,fextwha,t3_eqtmun,1579436168.0,"One of my favorite stories about a janitor.

A man named William Crawford was the janitor at the U.S Air Force Academy, in 1976 a Cadet was reading a book and found him mentioned, William Crawford had earned The Medal of Honor when serving in the U.S Army in WW2 in 1943 he took out 3 german machine gun nests so his platoon could retreat, he was captured, presumed dead and his father was given the medal of honor what they thought was posthumously.

He was alive and even as a POW his badassery shown through, one day as a Prisoner he was clubbed by a German Guard with his rifle, he disarmed the guard and beat him unconscious.

He was eventually rescued along with the rest of the POWs.

When the Air Force Cadet asked William why he hadn't told anyone at the academy, William simply  said, ""That was one day in my life and it happened a long time ago.""


The Moral of the story is that you should never underestimate the Janitor, because even if they aren't a MOH winner they are still people who have lives of their own.

Edit, 1943 not 1944"
HumansBeingBros,fexqy23,t3_eqrsjq,1579434934.0,How does he manage to do that when he must use a wheelbarrow to haul around his giant balls
TwoSentenceSadness,fetzcqe,t3_eqf0gr,1579381531.0,"I relate to this so much.

I could finally have peace without my loved ones anguishing over suicide, 


I'm just stuck living till something kills me"
SuicideBereavement,fetvp0d,t3_eqcdvc,1579380548.0,"Honestly I just browse because it helps me a little to think of the people who would miss me.

I am sorry for all of your losses"
SRAWeekend,fetuaiw,t1_fesu348,1579380149.0,"I'm directly descended from a Minnesota Volunteer who was on that March, my grandfather has his musket, not even a rifle musket, he used a Potsdam imported from Europe, some regiments liked non rifled barrels cause they could use Buck and Ball"
HorriblyDepressing,fetttko,t3_eqivup,1579380001.0,"My best friend is descended from Russian Jews who came to America because of the Tsars and their pogroms.

The peasants were essentially slaves.

So excuse me if I don't feel bad when a rich brat loses her head"
IncelTears,fetshaw,t1_fetre3q,1579379528.0,Its as if Incels just want to lash out at the world like a wounded wild boar hurting anything they can.
IncelTears,fets5ny,t1_fetre3q,1579379380.0,"Its not fair to others, 

I hate being lonely and miserable, hell I'm at the point where I simply don't believe my life will ever get better, but isn't it better to do what little you can to help others.

Like the entire point of Marcus Aurelius's philosophy can be summed up as, we can't always be happy but we can always do what's right, so let's pretend that if we do what's right we can be happy?

That's something that speaks to me"
HeroesWall,fesrdbz,t3_drarzy,1579368208.0,"There actually is some debate whether or not he killed himself, 

There is some evidence that his poisoning was completely accidental"
IncelTears,fesl009,t3_eqggpt,1579366318.0,"Good luck man,"
IncelTears,fes6nub,t1_fes3rme,1579361964.0,"Its called having basic human decency.

You might try it for a change"
IncelTears,ferp6pc,t3_eqd2zq,1579356765.0,"They don't get it, just because you are lonely and miserable doesn't give you the right to be an asshole and make others lives worse.

Me I'm miserable and lonely but that doesn't mean I want to make others miserable."
IncelTears,ferovpv,t1_feqf728,1579356644.0,"This,

The way I see it just because I'm miserable and lonely doesn't mean everyone else should, the world would be an ultra shitty place if everyone was as miserable and lonely as me.

They don't get that just because your life sucks doesn't mean that you get to make other people's lives worse"
todayilearned,fel8bdc,t1_fekt8xp,1579216236.0,"My grandfathers 1st cousin participated in the liberation of one of the camps

My best friend is Jewish

I myself could have been put to death for having ASD.

I have no sympathy whatsoever for people who helped hitler"
trashy,fekux5k,t3_epm3sj,1579208109.0,We may have found the most punchable face in the world
todayilearned,fekmf7a,t3_epl9vp,1579203084.0,I'd feel bad for the guy but he's a fucking Nazi and that Field hospital was full of Nazis that deserved to die
SelfAwarewolves,fekl9bo,t3_eplozf,1579202390.0,My trump supporting grandmother posted this like 2 days ago as well
TopMindsOfReddit,fekkih4,t3_epgcl1,1579201952.0,"You know there was a time the U.S government paid people to shoot Nazis, maybe we could do that again.

The only good Nazi is a dead Nazi"
ShitWehraboosSay,fekjkaz,t3_epk5g2,1579201384.0,"A. Who the fuck thinks launching a land attack against is smart when you can take no casualties by attacking by Air.
B. Drop him, get better non crypto fascist friends."
COMPLETEANARCHY,fe2uh5f,t3_enegs3,1578842991.0,You know I just realized that all those cruficixes with Jesus being jacked is probably more than a little accurate with him putting in 12 hour days of hard labor
HorriblyDepressing,fds2v3h,t3_eldata,1578693544.0,"I think this is just cringe not depressing,"
iamatotalpieceofshit,fdrsn1d,t3_emsb6z,1578689077.0,"Doesn't belong, just a kid doing some stupid shit"
iamatotalpieceofshit,fdrrywq,t3_emw8wp,1578688882.0,The only good pedophile is a dead pedophile
ShitWehraboosSay,fdrkjjh,t3_ekdohb,1578685779.0,I personally think the Sherman is an underrated Tank
SRAWeekend,fdrjwiw,t3_el7pqk,1578685592.0,I prefer Roland the Headless Thompson Gunner
imveryedgy,fdrdjbj,t3_ely9l6,1578683013.0,"I actually made this mistake twice in real life.

Only reason I'm alive, though tbh I wish i wasn't"
TopMindsOfReddit,fdr8gbm,t3_emp8kz,1578680954.0,"Man once again, despite opinion of the time, Michigan got the better end of the stick there.

Edit, for those of you who are unaware, Ohio and Michigan nearly went to war (one guy did get stabbed) over Toledo.

Ohio was given Toledo so Michigan was given The Upper Peninsula as a consolation and the opinion of the time was that Michigan got a really raw deal because of the canals, then they found a fuckload of Iron in the upper Peninsula and other resources plus Railroads came then trucks and the Canals became less relevant"
IncelTears,fdr7d5b,t3_empx2v,1578680537.0,Why does the woman only have one leg and why is the bluepiller a Jedi?
HorriblyDepressing,fdqpqfj,t3_ejuovu,1578672225.0,"I've heard about the case and its truly horrific.

Rest in Peace Junko"
HorriblyDepressing,fdqpk6e,t3_ekdpyd,1578672117.0,Not even a particularly good horror movie
chaoticgood,fdorqn3,t3_embmgo,1578611414.0,The only good rapist is a dead one
InfowarriorRides,fbvrd3h,t3_eefh56,1577134957.0,"One of the sidebar things is videos shared by infowars.com

So this is truly an infowarrior ride"
