subreddit,self ID,parent ID,time,text
ucr,fovgq75,t1_fouzr0h,1588101030.0,Thank you!
ucr,fouz1di,t1_fouysgd,1588092715.0,Could you elaborate?
ucr,fouypc0,t3_g9q9q3,1588092562.0,All we have to do is sign up for direct deposit? Was there anything else we had to apply for?
ucr,fb9qe2f,t3_ec2802,1576646145.0,Just finished CS120A and still have the syllabus and textbook shoot me your email
