subreddit,self ID,parent ID,time,text
socialskills,ffdjsbs,t3_eswbol,1579822370.0,Yeah. I started using my phone in school when nothing was happening and now I can’t stop
socialskills,ff9wvra,t3_es7zst,1579723264.0,“What is the point of being alive if I am going to be lonely and sad?” I felt that
socialskills,feo449g,t1_fen7bgw,1579294884.0,Yeah. I understand that you are trying to help but military is not the way to go.
socialskills,fen0kwv,t1_femzbhw,1579274274.0,"Well, it isn’t Africa. It is Nigeria. 

I actually care about Africa, because I believe the future is in Africa."
socialskills,femytgs,t1_femymw8,1579273081.0,"How do I send a handwritten thank you note when I don’t have his address? 

Should I still mention the Africa idea if it sounds like what I am expected to say?"
offmychest,femylqf,t1_femvm80,1579272936.0,"Well, happy cake day"
offmychest,femv530,t1_felz4j8,1579270436.0,What does the cake next to your username mean
offmychest,femv4bv,t3_epuv0m,1579270419.0,Tell her!! It will probably make her day.
me_irl,felnwuk,t3_epqew6,1579226688.0,I want this type of mom convos
dating_advice,feld6wn,t1_felcpo5,1579219411.0,Me.* Sorry
dating_advice,fel9sf1,t1_fel9qed,1579217183.0,So I should break up with him?
FreeKarma4U,fejphjj,t1_fejpb35,1579182479.0,Smart
FreeKarma4U,fejozw0,t3_ephklh,1579182077.0,Thought it was supposed to be free. Isn’t it better if I create 100 gmail accounts?
socialskills,fej04mg,t3_epawdu,1579152216.0,Invite them somewhere fun. Bonus points if they have never done it before.
FreeKarma4U,feizlez,t3_ep6kmt,1579151740.0,You owe 959 people an upvote
memes,fehkeiy,t3_ep0u0s,1579118338.0,I feel like a queen when this happens.
memes,fehjdmf,t3_ep36sd,1579117740.0,He really opened his mouth to ask
me_irl,fehj759,t3_ep2577,1579117635.0,I thought I was the only one. This actually happened to me but I am a girl
socialskills,fehil57,t3_eowb15,1579117278.0,I am a teenager and the same thing happens to me as well. I think people get bored of me or weirded out by me.
memes,fef18md,t3_eora8u,1579045791.0,I want someone to try this and tell me how it went
socialskills,fedqm6j,t1_fednlbb,1579017770.0,But what should I say?
socialskills,feavib9,t1_feauzgo,1578952588.0,Okay. Thanks!
memes,fe9l69i,t1_fe911pt,1578938981.0,"European gang be like. 

I call that an excuse to get stoned"
FreeKarma4U,fe96bcn,t1_fe6gq8x,1578934753.0,True
