<<<<<<< HEAD
subreddit,self ID,parent ID,time,text
IdiotsInCars,fffbpks,t1_fff8dz5,1579880439.0,r/anormaldayinrussia
Metalcore,fffb2uj,t3_et44tk,1579880033.0,"I feel like everyone has kinda forgotten about this EP since the album came out, but it's one of my favorites"
Metalcore,ffer8vz,t1_ffed94t,1579861558.0,"I think I prefer the original Depths II, but I love the rest of  the album."
iamatotalpieceofshit,ffd5daq,t1_ffd52q4,1579813740.0,D lock where I'm from
iamatotalpieceofshit,ffcffpz,t1_ffcem9m,1579798304.0,"Trust me, 99% thieves don't know how to pick locks. A small pair of cable cutters will go through the lock in seconds and before anyone even sees what's happening they'll be off."
iamatotalpieceofshit,ffcby07,t1_ffcblm2,1579796138.0,"Exactly, may as well have nothing"
iamatotalpieceofshit,ffc9x82,t3_ess94s,1579794868.0,Get yourself a better lock. Please. Those cable locks are super weak. Get a good dlock or chain lock
cambridge,ffab5on,t1_ff91w6y,1579731458.0,I really don't understand why the police can't move them on. They are causing a public nuisance
cambridge,ffaazq4,t1_ff9wl5r,1579731363.0,"As my coworker said today, XR's demand is for Cambridge Uni to cut its ties with the fossil fuel industry. However, most of the money that those companies give to Cambridge is for research into emissions reduction and efficiency improvements. Their protest not only causes everyone to hate them, but it's also counterproductive."
memes,ff6ilh1,t1_ff68a2d,1579627979.0,"It's not a message, it's a fact. Brexit is costing the UK more than its contributions and we are stupid for it"
gifs,ff6cohk,t1_ff4hgic,1579624312.0,Lions will role around in the poop of prey to get the scent on them like perfume. That could be what's happening?
IAmA,ff493ju,t1_ff39bq6,1579558222.0,"I have a family friend who had a severe peanut allergy. He took part in an early trial to try and immunise people to their allergies by slowly introducing peanuts from very tiny quantities. If you are interested you should definitely look into something like that. Every increase in dose was always done in the hospital so he was relatively safe. It started with tiny tiny amounts of peanut powder mixed into his normal food. 

I lost touch with him a couple years ago but last I heard he could eat a full peanut with no reaction at all. I definitely suggest taking a look."
KarmaRoulette,ff2ssi7,t1_ff2pkgu,1579522618.0,Then we are truly doomed
UpliftingNews,ff2o1u6,t3_er3fdb,1579515727.0,"Obviously it's very kind of the church, but why the fuck do they have 13mil lying around?!"
MurderedByWords,ff2nzu6,t3_er5d79,1579515642.0,"Unless I miss understand, that's exactly what happens in the US when you can't afford a doctor"
ChoosingBeggars,ff2neqj,t1_ff1ljcx,1579514729.0,You have more chance of being upgraded on an airline that l then a pizza place because of they over book economy and have spaces in higher classes they sometimes bump you up. It's happened to me before
GlobalOffensive,fextlkw,t1_fewn6j6,1579435817.0,You can pretty much shoot directly from one spawn to the other. I got up to supreme in wingman and games are literally just buying scouts and killing the other team before they reach the house
interestingasfuck,fery2ua,t3_eqeauk,1579359501.0,"It's not training, this is a bouldering competition"
PewdiepieSubmissions,fen1rvf,t3_epxzqb,1579275049.0,What the duck
iamverysmart,femmbtn,t3_epmkmi,1579262406.0,"I won't lie, as pretentious as he sounds, it's a good metaphor"
aww,fejh31f,t1_fejefdf,1579173931.0,Had me in the first half
GlobalOffensive,fehv3bs,t1_feheoxe,1579124457.0,"It proves that it's not just about skill but also the team work and strategy. That's why teams like astralis and liquid are so successful. Sure they have some star players, but it's about the teamwork"
UKPersonalFinance,feglva7,t1_fegbkl8,1579096750.0,You can get seriously cheap bikes second hand. Definitely worth while because you'd be putting a lot of money into fuel and running costs of the car and therefore wouldn't make as much
cambridge,feenpml,t3_eop013,1579037453.0,Either Queen Anne carpark or the leisure centre. Depends on where you are going to
fightporn,fedyau5,t1_fedd8y6,1579022452.0,Yeah its like that prison series and one of the guards the follow around is a rookie girl who's like 5'1 and built like a stick. I would not want her walking around the prison. No chance if a prisoner went for her.
memes,fedik5z,t3_eohzyi,1579012435.0,Mood af
memes,fedfyfa,t3_eoj9d6,1579010470.0,If someone destroyed my android and tried to offer me an iPhone in its place I'd sue
CasualUK,feddn08,t1_feag7es,1579008573.0,First time I saw it I didn't have sound on and was wondering why the hell they were dressing up some woman to hold a koala
CasualUK,fedc0vm,t1_fed3htw,1579007142.0,I couldn't even imagine enjoying slipknot sitting down. The best part is being in the crowd experiencing the energy and moshing
Metalcore,fed810f,t3_eojfjv,1579003107.0,Best line up of the year. I'm calling it already
natureismetal,feav82s,t1_fe91hss,1578952499.0,Clearly was pushed. This was no accident!
Neverbrokeabone,fe8nb2e,t1_fe6ml8f,1578928225.0,Weakling
memes,fe7kxqc,t1_fe6ukw9,1578915934.0,r/darwinawards
AmItheAsshole,fdsi1vj,t3_emwxhd,1578703142.0,Would have been so much easier to just make vegetarian lake lasagna for everyone lol. NTA. For new years we had vegetarian lasagna since one of my friends doesn't eat meat and we didn't want to leave her out. It was some of the best lasagna I've ever eaten
techsupportgore,fdot2c7,t1_fdoh1ar,1578612244.0,You do have to question how on earth someone manages to destroy a computer so completely. Just imagine what they must have been doing to get it hot enough to do that
ChoosingBeggars,fdokmcz,t3_em9hz0,1578607047.0,That looks so fucking good.
news,fdokhdj,t1_fdojcok,1578606967.0,Don't worry they're all 'mistakes'
news,fdok76u,t3_emd2jt,1578606803.0,"Look, modern missile defence systems don't just accidentally shoot down civilian aircraft, especially not when they've only just taken off from an international airport. Blatant murder by Iran"
MovieDetails,fdoj5ao,t1_fdo5ahc,1578606199.0,I'm definitely enjoying watching storror's BTS videos a lot more than the actual film. The film was just all over the place.
YouShouldKnow,fdkhg53,t1_fdkh8hj,1578503955.0,"How? If it's urgent enough to break the speed limit, then it's urgent enough to put lights on. Otherwise it's a danger to the officers in the car and other road users."
YouShouldKnow,fdkftvk,t1_fdkef1w,1578502970.0,"Sure it's huge, but you don't usually put cameras in rural areas anyway, normally they'd go on high risk roads out urban areas. Also I get what you mean about it being on the tax payer since there would be so much backlash in the US from reducing police budgets too much"
YouShouldKnow,fdkdp32,t1_fdkd70z,1578501683.0,"YOU DON'T HAVE CAMERAS?!?!??! 

That's so counterintuitive, I thought the US was really into policing. It's much cheaper than making an officer sit at the side of the road waiting for speeders because they just take a photo and the licence plate is linked to an address so a fine gets sent out in the post"
YouShouldKnow,fdkc5q9,t1_fdjrcsh,1578500766.0,"It is in the UK, if a police car gets caught speeding through a speed camera and the picture shows no emergency lights are on then they get fined like anyone else."
aww,fdjq4vc,t1_fdjfviu,1578483099.0,If they hurt themselves they will call out. Not like they won't be heard in the house with the rest of the family around. No one needs cameras in bedrooms
unpopularopinion,fdgohhy,t3_el6ioc,1578404019.0,They are the best. Used to buy packs of 5 from Sainsbury's all the time
memes,fdgngcs,t3_el984w,1578403136.0,"FYI, 16,000 people die every year just to ibuprofen and 100,000 are hospitalised. Don't overdose even everyday drugs"
csgo,fdgnbw6,t1_fdgk3ri,1578403028.0,"My friend got him self kicked on a vertigo mission back during the major for doing too much team damage. We won the game the next round....

To make it work, we had queued in a 5 man and no one would go and play vertigo with him again because we all hate it so I had to play like 3 solo queue games before he reach 10 rounds lol"
cambridge,fdet21b,t1_fddxxfu,1578346011.0,Trains will stop about midnight so don't hang around at the airport if you can avoid it. If can catch one trains are definitely the quickest and cheapest. Like £15 ticket I think. If you need transport from the station at the end then uber is definitely the cheapest and probably easiest
memes,fdbpzj4,t1_fdbdbum,1578260152.0,"I think I felt it, but I can't concentrate over the ringing..."
GlobalOffensive,fcx86x6,t3_ejd4xa,1578055097.0,Right click on game in stream. Press validate game files
Metalcore,fcqg4r9,t1_fcovwiy,1577885371.0,"Every time I die, oceans ate Alaska, sylosis, ocean Grove"
cambridge,fcmx6ug,t3_ei1shw,1577796250.0,I doubt any pubs will be open that late on NYE licenses would go to 1am Max
Deathcore,fclmf4r,t3_ehqjph,1577751211.0,"Assuming you are looking for constructive criticism, overall it's sounds pretty good. I love the vibe I'm getting despite how raw the sound is. Personally I would emphasise the chuggy guitar sections a bit more and the vocals sound like they need a little more depth (although I understand how hard they can be, that just comes with time and practice). 
Is this just a demo sort of track because it doesn't sound fully finished sound production wise, although that could be compression related?
I look forward to the EP either way"
insanepeoplefacebook,fcliclf,t1_fck9gmg,1577748477.0,"Unless you break them really really badly and need surgery, but that would never happen from stubbing it on a stool."
GlobalOffensive,fclhnwp,t1_fcku4de,1577748023.0,It's because you can have full bot v bot matches and one of them has to have the bomb. I guess some kind of system where it prioritizes players over bots would work
IdiotsInCars,fcjwb5f,t1_fcirmx1,1577707850.0,Using a sat nav is now actually part of the UK driving test so hopefully it will help over here
Metalcore,fcabl7j,t1_fc9zgqu,1577566222.0,"I think it's also worth mentioning that the community raised £47,000 for the hospice Tom stayed at which is absolutely incredible www.justgiving.com/thomassearle"
Metalcore,fcaazx5,t1_fc9dcui,1577565895.0,"Alpha wolf

Their first EP struggled but they made huge changes improving both their sound and mixing up their line up going into mono. As a debut album I think mono was underrated and demonstrated how far they've come. More recently after the removal of Aiden, they've pushed new boundaries with better written and heavier songs. After Aiden left the band nearly collapsed but their perseverance had led to bring one of the leading numetalcore bands at the end of the decade"
needadvice,fc9t24i,t3_egmlbj,1577557794.0,"Would you love your child any less because of a diagnosis? I suspect not. In some ways, if you do get a diagnosis it can be a good thing as it tells you more about how you can better care for your child in the future"
memes,fc8uupl,t1_fc8kv2y,1577542361.0,"Not just rifle shaped, actual rifles"
UKPersonalFinance,fc8rqd0,t1_fc8ns2o,1577540801.0,"If your family are happy to fully support you financially it's better not to work and focus on a levels. I just finished mine and trust me you don't want to risk your mental health. 

If you want work experience to build your CV then I would suggest taking a gap year and finding a work placement. If you are interested in any STEM subjects look up the Year In Industry Scheme. They offer gap year placements in companies that are paid and you get a big support system around you. I'm doing it now and its been one of the best opportunities in my life. 

I struggled at a levels despite doing really well at GCSE because I underestimated them after cruising through GCSEs. If you get yourself in the right mindset and take care of yourself in and out of school you'll do much better. Good luck and merry Christmas!"
PewdiepieSubmissions,fc40dbi,t3_eg1c53,1577403309.0,"SpongeBob has been the one constant this decade, he deserves it"
PeopleFuckingDying,fc3z92s,t1_fc3rzoo,1577402475.0,"Fuck you, put me back in the sea"
mildlyinteresting,fc3y9yb,t3_efvywu,1577401740.0,I always use percentage on my Kindle so it took me a second to realise this was weird
Deathcore,fc3y4qa,t1_fc3u8lb,1577401633.0,"Deathcore is a real niche and most bands are really poor. I think it's a double edged sword because while bands struggle financially, it also means that those creating music really care about what they do because a low paying job would be so much easier.

Thy Art is really lucky to have the break they've had, not to take away from how sick their music is it's just most deathcore bands have no hope of ever getting as big"
techsupportgore,fc3xewl,t3_efymwc,1577401098.0,"I respect the commitment to open up that many iPhones, even not caring about parts inside that's not a fun job"
teenagers,fc3wqk5,t1_fc3w6t7,1577400601.0,About a year I think. Maybe more idk
antiMLM,fc3ui0a,t3_efwg57,1577398957.0,Maybe I prefer to spend my money on Starbucks over crappy pyramid scheme essential oils.
Metalcore,fc2ufc4,t1_fc2tv6r,1577374340.0,There is gonna be metalcore. Lotus eater features on it
funny,fc0x21x,t3_efh90x,1577301977.0,r/casualuk represent!
=======
subreddit,self ID,parent ID,time,text
iamatotalpieceofshit,ffd5daq,t1_ffd52q4,1579813740.0,D lock where I'm from
iamatotalpieceofshit,ffcffpz,t1_ffcem9m,1579798304.0,"Trust me, 99% thieves don't know how to pick locks. A small pair of cable cutters will go through the lock in seconds and before anyone even sees what's happening they'll be off."
iamatotalpieceofshit,ffcby07,t1_ffcblm2,1579796138.0,"Exactly, may as well have nothing"
iamatotalpieceofshit,ffc9x82,t3_ess94s,1579794868.0,Get yourself a better lock. Please. Those cable locks are super weak. Get a good dlock or chain lock
cambridge,ffab5on,t1_ff91w6y,1579731458.0,I really don't understand why the police can't move them on. They are causing a public nuisance
cambridge,ffaazq4,t1_ff9wl5r,1579731363.0,"As my coworker said today, XR's demand is for Cambridge Uni to cut its ties with the fossil fuel industry. However, most of the money that those companies give to Cambridge is for research into emissions reduction and efficiency improvements. Their protest not only causes everyone to hate them, but it's also counterproductive."
memes,ff6ilh1,t1_ff68a2d,1579627979.0,"It's not a message, it's a fact. Brexit is costing the UK more than its contributions and we are stupid for it"
gifs,ff6cohk,t1_ff4hgic,1579624312.0,Lions will role around in the poop of prey to get the scent on them like perfume. That could be what's happening?
IAmA,ff493ju,t1_ff39bq6,1579558222.0,"I have a family friend who had a severe peanut allergy. He took part in an early trial to try and immunise people to their allergies by slowly introducing peanuts from very tiny quantities. If you are interested you should definitely look into something like that. Every increase in dose was always done in the hospital so he was relatively safe. It started with tiny tiny amounts of peanut powder mixed into his normal food. 

I lost touch with him a couple years ago but last I heard he could eat a full peanut with no reaction at all. I definitely suggest taking a look."
KarmaRoulette,ff2ssi7,t1_ff2pkgu,1579522618.0,Then we are truly doomed
UpliftingNews,ff2o1u6,t3_er3fdb,1579515727.0,"Obviously it's very kind of the church, but why the fuck do they have 13mil lying around?!"
MurderedByWords,ff2nzu6,t3_er5d79,1579515642.0,"Unless I miss understand, that's exactly what happens in the US when you can't afford a doctor"
ChoosingBeggars,ff2neqj,t1_ff1ljcx,1579514729.0,You have more chance of being upgraded on an airline that l then a pizza place because of they over book economy and have spaces in higher classes they sometimes bump you up. It's happened to me before
GlobalOffensive,fextlkw,t1_fewn6j6,1579435817.0,You can pretty much shoot directly from one spawn to the other. I got up to supreme in wingman and games are literally just buying scouts and killing the other team before they reach the house
interestingasfuck,fery2ua,t3_eqeauk,1579359501.0,"It's not training, this is a bouldering competition"
PewdiepieSubmissions,fen1rvf,t3_epxzqb,1579275049.0,What the duck
iamverysmart,femmbtn,t3_epmkmi,1579262406.0,"I won't lie, as pretentious as he sounds, it's a good metaphor"
aww,fejh31f,t1_fejefdf,1579173931.0,Had me in the first half
GlobalOffensive,fehv3bs,t1_feheoxe,1579124457.0,"It proves that it's not just about skill but also the team work and strategy. That's why teams like astralis and liquid are so successful. Sure they have some star players, but it's about the teamwork"
UKPersonalFinance,feglva7,t1_fegbkl8,1579096750.0,You can get seriously cheap bikes second hand. Definitely worth while because you'd be putting a lot of money into fuel and running costs of the car and therefore wouldn't make as much
cambridge,feenpml,t3_eop013,1579037453.0,Either Queen Anne carpark or the leisure centre. Depends on where you are going to
fightporn,fedyau5,t1_fedd8y6,1579022452.0,Yeah its like that prison series and one of the guards the follow around is a rookie girl who's like 5'1 and built like a stick. I would not want her walking around the prison. No chance if a prisoner went for her.
memes,fedik5z,t3_eohzyi,1579012435.0,Mood af
memes,fedfyfa,t3_eoj9d6,1579010470.0,If someone destroyed my android and tried to offer me an iPhone in its place I'd sue
CasualUK,feddn08,t1_feag7es,1579008573.0,First time I saw it I didn't have sound on and was wondering why the hell they were dressing up some woman to hold a koala
CasualUK,fedc0vm,t1_fed3htw,1579007142.0,I couldn't even imagine enjoying slipknot sitting down. The best part is being in the crowd experiencing the energy and moshing
Metalcore,fed810f,t3_eojfjv,1579003107.0,Best line up of the year. I'm calling it already
natureismetal,feav82s,t1_fe91hss,1578952499.0,Clearly was pushed. This was no accident!
Neverbrokeabone,fe8nb2e,t1_fe6ml8f,1578928225.0,Weakling
memes,fe7kxqc,t1_fe6ukw9,1578915934.0,r/darwinawards
AmItheAsshole,fdsi1vj,t3_emwxhd,1578703142.0,Would have been so much easier to just make vegetarian lake lasagna for everyone lol. NTA. For new years we had vegetarian lasagna since one of my friends doesn't eat meat and we didn't want to leave her out. It was some of the best lasagna I've ever eaten
techsupportgore,fdot2c7,t1_fdoh1ar,1578612244.0,You do have to question how on earth someone manages to destroy a computer so completely. Just imagine what they must have been doing to get it hot enough to do that
ChoosingBeggars,fdokmcz,t3_em9hz0,1578607047.0,That looks so fucking good.
news,fdokhdj,t1_fdojcok,1578606967.0,Don't worry they're all 'mistakes'
news,fdok76u,t3_emd2jt,1578606803.0,"Look, modern missile defence systems don't just accidentally shoot down civilian aircraft, especially not when they've only just taken off from an international airport. Blatant murder by Iran"
MovieDetails,fdoj5ao,t1_fdo5ahc,1578606199.0,I'm definitely enjoying watching storror's BTS videos a lot more than the actual film. The film was just all over the place.
YouShouldKnow,fdkhg53,t1_fdkh8hj,1578503955.0,"How? If it's urgent enough to break the speed limit, then it's urgent enough to put lights on. Otherwise it's a danger to the officers in the car and other road users."
YouShouldKnow,fdkftvk,t1_fdkef1w,1578502970.0,"Sure it's huge, but you don't usually put cameras in rural areas anyway, normally they'd go on high risk roads out urban areas. Also I get what you mean about it being on the tax payer since there would be so much backlash in the US from reducing police budgets too much"
YouShouldKnow,fdkdp32,t1_fdkd70z,1578501683.0,"YOU DON'T HAVE CAMERAS?!?!??! 

That's so counterintuitive, I thought the US was really into policing. It's much cheaper than making an officer sit at the side of the road waiting for speeders because they just take a photo and the licence plate is linked to an address so a fine gets sent out in the post"
YouShouldKnow,fdkc5q9,t1_fdjrcsh,1578500766.0,"It is in the UK, if a police car gets caught speeding through a speed camera and the picture shows no emergency lights are on then they get fined like anyone else."
aww,fdjq4vc,t1_fdjfviu,1578483099.0,If they hurt themselves they will call out. Not like they won't be heard in the house with the rest of the family around. No one needs cameras in bedrooms
unpopularopinion,fdgohhy,t3_el6ioc,1578404019.0,They are the best. Used to buy packs of 5 from Sainsbury's all the time
memes,fdgngcs,t3_el984w,1578403136.0,"FYI, 16,000 people die every year just to ibuprofen and 100,000 are hospitalised. Don't overdose even everyday drugs"
csgo,fdgnbw6,t1_fdgk3ri,1578403028.0,"My friend got him self kicked on a vertigo mission back during the major for doing too much team damage. We won the game the next round....

To make it work, we had queued in a 5 man and no one would go and play vertigo with him again because we all hate it so I had to play like 3 solo queue games before he reach 10 rounds lol"
cambridge,fdet21b,t1_fddxxfu,1578346011.0,Trains will stop about midnight so don't hang around at the airport if you can avoid it. If can catch one trains are definitely the quickest and cheapest. Like Â£15 ticket I think. If you need transport from the station at the end then uber is definitely the cheapest and probably easiest
memes,fdbpzj4,t1_fdbdbum,1578260152.0,"I think I felt it, but I can't concentrate over the ringing..."
GlobalOffensive,fcx86x6,t3_ejd4xa,1578055097.0,Right click on game in stream. Press validate game files
Metalcore,fcqg4r9,t1_fcovwiy,1577885371.0,"Every time I die, oceans ate Alaska, sylosis, ocean Grove"
cambridge,fcmx6ug,t3_ei1shw,1577796250.0,I doubt any pubs will be open that late on NYE licenses would go to 1am Max
Deathcore,fclmf4r,t3_ehqjph,1577751211.0,"Assuming you are looking for constructive criticism, overall it's sounds pretty good. I love the vibe I'm getting despite how raw the sound is. Personally I would emphasise the chuggy guitar sections a bit more and the vocals sound like they need a little more depth (although I understand how hard they can be, that just comes with time and practice). 
Is this just a demo sort of track because it doesn't sound fully finished sound production wise, although that could be compression related?
I look forward to the EP either way"
insanepeoplefacebook,fcliclf,t1_fck9gmg,1577748477.0,"Unless you break them really really badly and need surgery, but that would never happen from stubbing it on a stool."
GlobalOffensive,fclhnwp,t1_fcku4de,1577748023.0,It's because you can have full bot v bot matches and one of them has to have the bomb. I guess some kind of system where it prioritizes players over bots would work
IdiotsInCars,fcjwb5f,t1_fcirmx1,1577707850.0,Using a sat nav is now actually part of the UK driving test so hopefully it will help over here
Metalcore,fcabl7j,t1_fc9zgqu,1577566222.0,"I think it's also worth mentioning that the community raised Â£47,000 for the hospice Tom stayed at which is absolutely incredible www.justgiving.com/thomassearle"
Metalcore,fcaazx5,t1_fc9dcui,1577565895.0,"Alpha wolf

Their first EP struggled but they made huge changes improving both their sound and mixing up their line up going into mono. As a debut album I think mono was underrated and demonstrated how far they've come. More recently after the removal of Aiden, they've pushed new boundaries with better written and heavier songs. After Aiden left the band nearly collapsed but their perseverance had led to bring one of the leading numetalcore bands at the end of the decade"
needadvice,fc9t24i,t3_egmlbj,1577557794.0,"Would you love your child any less because of a diagnosis? I suspect not. In some ways, if you do get a diagnosis it can be a good thing as it tells you more about how you can better care for your child in the future"
memes,fc8uupl,t1_fc8kv2y,1577542361.0,"Not just rifle shaped, actual rifles"
UKPersonalFinance,fc8rqd0,t1_fc8ns2o,1577540801.0,"If your family are happy to fully support you financially it's better not to work and focus on a levels. I just finished mine and trust me you don't want to risk your mental health. 

If you want work experience to build your CV then I would suggest taking a gap year and finding a work placement. If you are interested in any STEM subjects look up the Year In Industry Scheme. They offer gap year placements in companies that are paid and you get a big support system around you. I'm doing it now and its been one of the best opportunities in my life. 

I struggled at a levels despite doing really well at GCSE because I underestimated them after cruising through GCSEs. If you get yourself in the right mindset and take care of yourself in and out of school you'll do much better. Good luck and merry Christmas!"
PewdiepieSubmissions,fc40dbi,t3_eg1c53,1577403309.0,"SpongeBob has been the one constant this decade, he deserves it"
PeopleFuckingDying,fc3z92s,t1_fc3rzoo,1577402475.0,"Fuck you, put me back in the sea"
mildlyinteresting,fc3y9yb,t3_efvywu,1577401740.0,I always use percentage on my Kindle so it took me a second to realise this was weird
Deathcore,fc3y4qa,t1_fc3u8lb,1577401633.0,"Deathcore is a real niche and most bands are really poor. I think it's a double edged sword because while bands struggle financially, it also means that those creating music really care about what they do because a low paying job would be so much easier.

Thy Art is really lucky to have the break they've had, not to take away from how sick their music is it's just most deathcore bands have no hope of ever getting as big"
techsupportgore,fc3xewl,t3_efymwc,1577401098.0,"I respect the commitment to open up that many iPhones, even not caring about parts inside that's not a fun job"
teenagers,fc3wqk5,t1_fc3w6t7,1577400601.0,About a year I think. Maybe more idk
antiMLM,fc3ui0a,t3_efwg57,1577398957.0,Maybe I prefer to spend my money on Starbucks over crappy pyramid scheme essential oils.
Metalcore,fc2ufc4,t1_fc2tv6r,1577374340.0,There is gonna be metalcore. Lotus eater features on it
funny,fc0x21x,t3_efh90x,1577301977.0,r/casualuk represent!
AmItheAsshole,fc0he9m,t1_fc072ly,1577290890.0,"They have the entire year to be as a 'family' but when other family visits they need space, wtf?!"
oldpeoplefacebook,fc0djt9,t1_fc0a3va,1577287821.0,I wish
britishproblems,fbybv50,t1_fbxrt5h,1577213017.0,I prefer the ferry as it breaks up the journey more and you can get some fresh air when the weather is alright
>>>>>>> b2c2856e21b6decdd12b8bdccd381cae2c58ec91
