<<<<<<< HEAD
subreddit,self ID,parent ID,time,text
AskReddit,ffe2k7x,t3_et334c,1579835038.0,Not me fuck that shit
horror,ff6rtx3,t1_ff6be5h,1579633558.0,He for sure killed 2 he also may of killed his brother but it was never fully proven (he died during a fire but had a severe head wound as well).
movies,ff5bnss,t1_ff4xr4q,1579586383.0,Kingsley is awesome in perpetual grace LTD
television,ff4bjel,t1_ff0jfod,1579559759.0,[Oh that existed too](https://m.imdb.com/title/tt0300802/)
AskReddit,fezijfz,t1_feycnt0,1579457716.0,I remember I was reading an autobiography of a hobo criminal from the 1890’s and he swore never to steal from Mormons because they were crazy.
movies,feti32d,t1_fepir0z,1579375636.0,There is an excellent book called Q by Luther Blissett that covers it in a section. The book is about the life of a religious zealot and the various movements he joins/fights in. A good third of it is about him fighting in the Munster rebellion. The book is in the public domain because the writers let it be so it’s free to download.
todayilearned,feo0ioi,t1_fenu396,1579293513.0,"Didn’t he beat his kids pretty badly? I think his daughter has come out and said that he was a living nightmare.

EDIT

[Here is the article](http://gomag.com/article/the_icemans_daughter14660/). He would beat his wife and one time snapped the family dogs neck to scare the kids. It says he never beat the kids but he did tell the daughter that if he accidentally killed her mom while beating her that he would have to kill the rest of them too."
AskReddit,feny936,t1_fentg0l,1579292592.0,Blaze Foley had some pretty good political songs. Oval Room and WWIII are pretty relevant today. And if Hank III was around during those congress hearing days he probably would of been there.
AskReddit,fem1avk,t3_epjpbx,1579236532.0,"Con Air day, every July 14th me and my friends get drunk has hell and watch the greatest movie ever made."
beermoney,felyjgs,t1_felw7s1,1579234225.0,I would of done it for free as well but I’ll take the money too haha. They have another one coming up soon for yellow fever that I’m going to try to get on.
AskReddit,felg00s,t3_epn15l,1579221291.0,Some one opened the box so now we’re all fucked.
television,feiazjn,t1_fehf9mm,1579134282.0,FX has a pretty decent track record in my book so I have faith in it. Now if it was on AMC I’d be scared!
beermoney,fehs4x7,t1_fehqrqw,1579122789.0,Google medical research volunteer for your local area. That how I found out about it.
beermoney,fefv1g6,t1_feft3s4,1579066106.0,The university near me was doing studies on a new small pox vaccine and were paying out $500 for it. It was over the course of 5 months and they payed $75 each visit.
beermoney,fefny82,t3_eowd68,1579060499.0,I got $500 to get vaccinated for smallpox.
todayilearned,feeu3s9,t1_feeon0h,1579041241.0,He also had a song where his brain got put into a chicken. It’s called chicken in black and the music video for it is weird as hell.
television,feeiidc,t1_fecm135,1579034438.0,The last tv show I remember having a legit one that wasn’t a parody of some kind was Malcolm in the middle. so they were still around up to the early mid 2000’s.
AskReddit,feehegc,t3_eolzp9,1579033799.0,"There is a sub genre of horror themed country that is pretty awesome. I can’t post links but here are a few good songs to check out.

Ballad for Beelzebub by Graveyard train

Blood on the bluegrass by the legendary Shack Shakers

The barnyard by Rachel Brooke"
AskReddit,fe8qecu,t3_eo3q9l,1578929252.0,I am actually already naked. None at all.
OutlawCountry,fe03lus,t1_fdzudwd,1578802219.0,Well yeah he had a whole country album there.
OutlawCountry,fdzppm6,t3_en8xwy,1578792992.0,Blaze Foley dude was killed defending an old man against his drug addicted son.
OutlawCountry,fdzpjkl,t1_fdxoenz,1578792907.0,I mean GG Allin’s song Outlaw Scumfuck is just a reversion of DAC’s long haired redneck.
television,fdy8jeq,t3_enbo8o,1578777188.0,"There is an episode in the show Jeremiah where Jeremiah comes to a town and finds two brothers  acting as doctors. He discovers one of the brothers is a straight con man but the other knows a little about medical treatment because he has some medical books. He forces them to stop treating people because only doctors can do that.

Except the entire premise of Jeremiah is that everyone who was over 13 died in a world wide plague. So there are no real doctors left and these guys were pretty much the closest thing that town probably had!"
AskReddit,fdy4bc7,t1_fdwptkx,1578775984.0,Heat vision and Jack! The best tv show that never was!
AskReddit,fdy3bjv,t1_fdx2uj3,1578775614.0,Robert Downey Jr?
movies,fdo0df8,t1_fdmaxcq,1578596517.0,What about Tip Toes where he spends the entire move walking on his knees playing a little person.
movies,fdny3jy,t1_fdmru0z,1578595196.0,I haven’t seen it but I doubt anything can be worse then Party at Kitty and Studs.
movies,fdnxokz,t1_fdnihuf,1578594953.0,"It’s pretty decent though, not as good as the first but not bad at all. Has the same cast and director."
movies,fdnx9mz,t1_fdnc6lz,1578594709.0,[There is also the grinch vs the cat in the hat.](https://m.youtube.com/watch?v=zVqvSXMwZMk)
movies,fdnwqnm,t1_fdn7613,1578594403.0,4 is actually decent. They do away with all the mutation creatures so it’s back to just giant worms. It’s also a prequel set in the Wild West and about Burts great grandfather fighting the worms.
movies,fdnwhgp,t1_fdml3su,1578594258.0,If you watch Blackthorn as cannon you have a unofficial butch Cassidy trilogy.
movies,fdnvbys,t1_fdnj5p1,1578593584.0,The writer of first blood actually wrote the novelization of first blood part 2.
todayilearned,fdnskgq,t1_fdngncw,1578591980.0,Goddamn I just looked her up and that’s ridiculous. I get using her name if the publisher wanted to finish up a unfinished series that she might have left notes over for. But there are like 10 different book series credited to her that came out way after her death.
politics,fdkaj7o,t1_fdka6uz,1578499767.0,"2012 man, the world really did end and we are all in hell."
insaneparents,fdg6nwc,t1_fdft3dc,1578382196.0,That’s what I was told when I was younger but if that’s the case then why even try spreading the religion at all. I believe over all people are generally good so if they don’t know about god then that’s basically a free ticket to heaven. By spreading it you only damn innocent people to hell.
LPOTL,fdcjk6y,t3_ekkno7,1578276486.0,They mention it in the 9/11 episodes and say they will talk about it later in the episode but they never do. Really disappointed me because I had never heard about it but it would make a lot of sense.
LPOTL,fdcjdp2,t1_fczfqjy,1578276357.0,Reminds me of the episode of round table of gentlemen where Marcus mentioned he went to a sex club and the rest of the episode was everyone asking him questions about it.
movies,fdc124w,t1_fd5yvii,1578265039.0,That’s still giving it to much credit.
HarleyQuinnTV,fd0nb9g,t1_fcyw63k,1578121187.0,"Melon i is the best at playing crazy cops, I’m still pissed they canceled Happy!"
movies,fd0hxcp,t1_fd00ys2,1578119057.0,No the book is about a domesticated dog that gets the shit kicked out of him and slowly turns his back to humanity and embraces his inner wolf. The book ends with him massacring a tribe of natives that killed his last owner who was the only person that treated him with any kindness.
movies,fcwai0s,t3_ej8r22,1578020905.0,I hated the book and the whole thing being a genie did it is stupid. I’m pretty sure the writer of the book said the movie is far better and even wrote a sequel book based off the movie version.
movies,fcw93tw,t3_ej7rhd,1578019977.0,Henry portrait of a killer is pretty heavy.
todayilearned,fcvu032,t1_fculsho,1578010071.0,He’s no William Walker though.
serialkillers,fctpjdb,t1_fctksqn,1577952950.0,Or you could just call them cults and make it less confusing for everyone. But if you want to call them satanic cults and then go on a whole tangent about how you don’t really mean satanic cults be my guest.
serialkillers,fctgvq2,t1_fctglvi,1577942870.0,They didn’t kill them for satan they killed them because Manson told them to. I can’t even think of a single time they even claimed to worship satan.
serialkillers,fctfn4o,t1_fct3ckm,1577941734.0,Manson family worshiped Manson not satan and the church of satan are just edgy atheists.
serialkillers,fctfi7t,t1_fcspcvx,1577941611.0,I mean if I was around when I guy shot up a car I’d probably take off running to.
AskReddit,fct86ml,t1_fcqzp89,1577935439.0,What about the ghoul bodyguard he also refuses even though he is supposed to do whatever you order him to do.
todayilearned,fcs43g1,t1_fcs424l,1577911181.0,Thanks!
todayilearned,fcs3djg,t1_fcrws2f,1577910868.0,Do you have a link to it?
Iowa,fcpfbs8,t1_fcp96sb,1577861494.0,Until it’s born then it’s fuck you. you decided to have it now deal with it for 18 years.
HistoryPorn,fcmi1mc,t1_fcmb9hh,1577776089.0,Too girl standing left of JFK.
todayilearned,fcmhnnv,t1_fclz93c,1577775643.0,She actually Michael Madsen’s sister.
todayilearned,fcmhlu8,t1_fcm9gqx,1577775586.0,"Almost hero’s was his last leading role, Dirty Work was the last one he had a big part in."
horror,fcletvq,t1_fckhx5g,1577746152.0,"God that movie sucks, watch the unofficial 3rd movie Tales from the darkside."
AskReddit,fcl1bxy,t1_fckuuqc,1577737667.0,"Putting shingles or steel roofs on houses/buildings. It is hard work that is hard on your body. It usually pays good because nobody wants to do it, because of this they will hire anyone with a pulse."
AskReddit,fc6xlkc,t3_egcn2e,1577492104.0,I must respect the goat.
AskReddit,fc4kcfo,t1_fc3h0ce,1577419196.0,"Op is a bastard child, his dad is a cheater. Op contacted his half brother who’s mom was still married to the cheating dad. The mom then divorced the cheating dad."
movies,fc3mwdh,t1_fc1zk32,1577393518.0,When I was in highschool we had to watch this terrible play version of Romeo and Juliet. It was super low budget and all the actors were down right terrible except for one. A super young Rickman played Tybalt in it and was the only saving grace in that terrible movie.
horror,fc3kk94,t1_fc3a0af,1577391863.0,Check out a boy and his dog too if you haven’t. It’s a great story about a teenage boy and his telepathic talking dog wandering the wasteland looking for women to rape. It’s also probably where fallout got the idea for the vaults.
todayilearned,fc17392,t1_fc14h9q,1577310133.0,He might not of known what he was doing at the time but he bragged about it later. I believe Jon Lovitz beat the shit out of him for it.
=======
subreddit,self ID,parent ID,time,text
AskReddit,ffe2k7x,t3_et334c,1579835038.0,Not me fuck that shit
horror,ff6rtx3,t1_ff6be5h,1579633558.0,He for sure killed 2 he also may of killed his brother but it was never fully proven (he died during a fire but had a severe head wound as well).
movies,ff5bnss,t1_ff4xr4q,1579586383.0,Kingsley is awesome in perpetual grace LTD
television,ff4bjel,t1_ff0jfod,1579559759.0,[Oh that existed too](https://m.imdb.com/title/tt0300802/)
AskReddit,fezijfz,t1_feycnt0,1579457716.0,I remember I was reading an autobiography of a hobo criminal from the 1890â€™s and he swore never to steal from Mormons because they were crazy.
movies,feti32d,t1_fepir0z,1579375636.0,There is an excellent book called Q by Luther Blissett that covers it in a section. The book is about the life of a religious zealot and the various movements he joins/fights in. A good third of it is about him fighting in the Munster rebellion. The book is in the public domain because the writers let it be so itâ€™s free to download.
todayilearned,feo0ioi,t1_fenu396,1579293513.0,"Didnâ€™t he beat his kids pretty badly? I think his daughter has come out and said that he was a living nightmare.

EDIT

[Here is the article](http://gomag.com/article/the_icemans_daughter14660/). He would beat his wife and one time snapped the family dogs neck to scare the kids. It says he never beat the kids but he did tell the daughter that if he accidentally killed her mom while beating her that he would have to kill the rest of them too."
AskReddit,feny936,t1_fentg0l,1579292592.0,Blaze Foley had some pretty good political songs. Oval Room and WWIII are pretty relevant today. And if Hank III was around during those congress hearing days he probably would of been there.
AskReddit,fem1avk,t3_epjpbx,1579236532.0,"Con Air day, every July 14th me and my friends get drunk has hell and watch the greatest movie ever made."
beermoney,felyjgs,t1_felw7s1,1579234225.0,I would of done it for free as well but Iâ€™ll take the money too haha. They have another one coming up soon for yellow fever that Iâ€™m going to try to get on.
AskReddit,felg00s,t3_epn15l,1579221291.0,Some one opened the box so now weâ€™re all fucked.
television,feiazjn,t1_fehf9mm,1579134282.0,FX has a pretty decent track record in my book so I have faith in it. Now if it was on AMC Iâ€™d be scared!
beermoney,fehs4x7,t1_fehqrqw,1579122789.0,Google medical research volunteer for your local area. That how I found out about it.
beermoney,fefv1g6,t1_feft3s4,1579066106.0,The university near me was doing studies on a new small pox vaccine and were paying out $500 for it. It was over the course of 5 months and they payed $75 each visit.
beermoney,fefny82,t3_eowd68,1579060499.0,I got $500 to get vaccinated for smallpox.
todayilearned,feeu3s9,t1_feeon0h,1579041241.0,He also had a song where his brain got put into a chicken. Itâ€™s called chicken in black and the music video for it is weird as hell.
television,feeiidc,t1_fecm135,1579034438.0,The last tv show I remember having a legit one that wasnâ€™t a parody of some kind was Malcolm in the middle. so they were still around up to the early mid 2000â€™s.
AskReddit,feehegc,t3_eolzp9,1579033799.0,"There is a sub genre of horror themed country that is pretty awesome. I canâ€™t post links but here are a few good songs to check out.

Ballad for Beelzebub by Graveyard train

Blood on the bluegrass by the legendary Shack Shakers

The barnyard by Rachel Brooke"
AskReddit,fe8qecu,t3_eo3q9l,1578929252.0,I am actually already naked. None at all.
OutlawCountry,fe03lus,t1_fdzudwd,1578802219.0,Well yeah he had a whole country album there.
OutlawCountry,fdzppm6,t3_en8xwy,1578792992.0,Blaze Foley dude was killed defending an old man against his drug addicted son.
OutlawCountry,fdzpjkl,t1_fdxoenz,1578792907.0,I mean GG Allinâ€™s song Outlaw Scumfuck is just a reversion of DACâ€™s long haired redneck.
television,fdy8jeq,t3_enbo8o,1578777188.0,"There is an episode in the show Jeremiah where Jeremiah comes to a town and finds two brothers  acting as doctors. He discovers one of the brothers is a straight con man but the other knows a little about medical treatment because he has some medical books. He forces them to stop treating people because only doctors can do that.

Except the entire premise of Jeremiah is that everyone who was over 13 died in a world wide plague. So there are no real doctors left and these guys were pretty much the closest thing that town probably had!"
AskReddit,fdy4bc7,t1_fdwptkx,1578775984.0,Heat vision and Jack! The best tv show that never was!
AskReddit,fdy3bjv,t1_fdx2uj3,1578775614.0,Robert Downey Jr?
movies,fdo0df8,t1_fdmaxcq,1578596517.0,What about Tip Toes where he spends the entire move walking on his knees playing a little person.
movies,fdny3jy,t1_fdmru0z,1578595196.0,I havenâ€™t seen it but I doubt anything can be worse then Party at Kitty and Studs.
movies,fdnxokz,t1_fdnihuf,1578594953.0,"Itâ€™s pretty decent though, not as good as the first but not bad at all. Has the same cast and director."
movies,fdnx9mz,t1_fdnc6lz,1578594709.0,[There is also the grinch vs the cat in the hat.](https://m.youtube.com/watch?v=zVqvSXMwZMk)
movies,fdnwqnm,t1_fdn7613,1578594403.0,4 is actually decent. They do away with all the mutation creatures so itâ€™s back to just giant worms. Itâ€™s also a prequel set in the Wild West and about Burts great grandfather fighting the worms.
movies,fdnwhgp,t1_fdml3su,1578594258.0,If you watch Blackthorn as cannon you have a unofficial butch Cassidy trilogy.
movies,fdnvbys,t1_fdnj5p1,1578593584.0,The writer of first blood actually wrote the novelization of first blood part 2.
todayilearned,fdnskgq,t1_fdngncw,1578591980.0,Goddamn I just looked her up and thatâ€™s ridiculous. I get using her name if the publisher wanted to finish up a unfinished series that she might have left notes over for. But there are like 10 different book series credited to her that came out way after her death.
politics,fdkaj7o,t1_fdka6uz,1578499767.0,"2012 man, the world really did end and we are all in hell."
insaneparents,fdg6nwc,t1_fdft3dc,1578382196.0,Thatâ€™s what I was told when I was younger but if thatâ€™s the case then why even try spreading the religion at all. I believe over all people are generally good so if they donâ€™t know about god then thatâ€™s basically a free ticket to heaven. By spreading it you only damn innocent people to hell.
LPOTL,fdcjk6y,t3_ekkno7,1578276486.0,They mention it in the 9/11 episodes and say they will talk about it later in the episode but they never do. Really disappointed me because I had never heard about it but it would make a lot of sense.
LPOTL,fdcjdp2,t1_fczfqjy,1578276357.0,Reminds me of the episode of round table of gentlemen where Marcus mentioned he went to a sex club and the rest of the episode was everyone asking him questions about it.
movies,fdc124w,t1_fd5yvii,1578265039.0,Thatâ€™s still giving it to much credit.
HarleyQuinnTV,fd0nb9g,t1_fcyw63k,1578121187.0,"Melon i is the best at playing crazy cops, Iâ€™m still pissed they canceled Happy!"
movies,fd0hxcp,t1_fd00ys2,1578119057.0,No the book is about a domesticated dog that gets the shit kicked out of him and slowly turns his back to humanity and embraces his inner wolf. The book ends with him massacring a tribe of natives that killed his last owner who was the only person that treated him with any kindness.
movies,fcwai0s,t3_ej8r22,1578020905.0,I hated the book and the whole thing being a genie did it is stupid. Iâ€™m pretty sure the writer of the book said the movie is far better and even wrote a sequel book based off the movie version.
movies,fcw93tw,t3_ej7rhd,1578019977.0,Henry portrait of a killer is pretty heavy.
todayilearned,fcvu032,t1_fculsho,1578010071.0,Heâ€™s no William Walker though.
serialkillers,fctpjdb,t1_fctksqn,1577952950.0,Or you could just call them cults and make it less confusing for everyone. But if you want to call them satanic cults and then go on a whole tangent about how you donâ€™t really mean satanic cults be my guest.
serialkillers,fctgvq2,t1_fctglvi,1577942870.0,They didnâ€™t kill them for satan they killed them because Manson told them to. I canâ€™t even think of a single time they even claimed to worship satan.
serialkillers,fctfn4o,t1_fct3ckm,1577941734.0,Manson family worshiped Manson not satan and the church of satan are just edgy atheists.
serialkillers,fctfi7t,t1_fcspcvx,1577941611.0,I mean if I was around when I guy shot up a car Iâ€™d probably take off running to.
AskReddit,fct86ml,t1_fcqzp89,1577935439.0,What about the ghoul bodyguard he also refuses even though he is supposed to do whatever you order him to do.
todayilearned,fcs43g1,t1_fcs424l,1577911181.0,Thanks!
todayilearned,fcs3djg,t1_fcrws2f,1577910868.0,Do you have a link to it?
Iowa,fcpfbs8,t1_fcp96sb,1577861494.0,Until itâ€™s born then itâ€™s fuck you. you decided to have it now deal with it for 18 years.
HistoryPorn,fcmi1mc,t1_fcmb9hh,1577776089.0,Too girl standing left of JFK.
todayilearned,fcmhnnv,t1_fclz93c,1577775643.0,She actually Michael Madsenâ€™s sister.
todayilearned,fcmhlu8,t1_fcm9gqx,1577775586.0,"Almost heroâ€™s was his last leading role, Dirty Work was the last one he had a big part in."
horror,fcletvq,t1_fckhx5g,1577746152.0,"God that movie sucks, watch the unofficial 3rd movie Tales from the darkside."
AskReddit,fcl1bxy,t1_fckuuqc,1577737667.0,"Putting shingles or steel roofs on houses/buildings. It is hard work that is hard on your body. It usually pays good because nobody wants to do it, because of this they will hire anyone with a pulse."
AskReddit,fc6xlkc,t3_egcn2e,1577492104.0,I must respect the goat.
AskReddit,fc4kcfo,t1_fc3h0ce,1577419196.0,"Op is a bastard child, his dad is a cheater. Op contacted his half brother whoâ€™s mom was still married to the cheating dad. The mom then divorced the cheating dad."
movies,fc3mwdh,t1_fc1zk32,1577393518.0,When I was in highschool we had to watch this terrible play version of Romeo and Juliet. It was super low budget and all the actors were down right terrible except for one. A super young Rickman played Tybalt in it and was the only saving grace in that terrible movie.
horror,fc3kk94,t1_fc3a0af,1577391863.0,Check out a boy and his dog too if you havenâ€™t. Itâ€™s a great story about a teenage boy and his telepathic talking dog wandering the wasteland looking for women to rape. Itâ€™s also probably where fallout got the idea for the vaults.
todayilearned,fc17392,t1_fc14h9q,1577310133.0,He might not of known what he was doing at the time but he bragged about it later. I believe Jon Lovitz beat the shit out of him for it.
television,fc0q6f5,t1_fc0dqmo,1577296971.0,"How dare people like the same things you do, donâ€™t they know the entire world was introduced to this last year when you posted it here. The nerve of some people."
AskReddit,fbzh7ie,t1_fbz0gc2,1577246582.0,Yeah the villisca Iowa Axe Murder house. Back in the day a whole family and some kids that were staying the night got axe murdered and they never found out who did it.
>>>>>>> b2c2856e21b6decdd12b8bdccd381cae2c58ec91
