Steam,fr2zyqn,t1_fr25qti,1589847184.0,"Don’t know why you’re being downvoted, OP asked for a casual game and r6 is the furthest thing from that. Not only is the community toxic but it requires being immersed at all times to play decently.

I’d say go for Doom, campaign is fun and so is the multiplayer"
AskReddit,fp4azh7,t1_fp4aq9k,1588295245.0,"Sadly money can be traced, duplicating the same bill will def land u in jail at some point"
AskReddit,fp4aupe,t1_fp4ajsw,1588295167.0,"I was thinking the same, old pcs have gold in them so you could start with a nugget from there"
AskReddit,fp4ahrr,t1_fp4aex4,1588294952.0,I already regret asking my question
Steam,fokk8uv,t1_fokk4q4,1587843625.0,Nope it was the exact same version. I’m guessing the region of the key may have been different maybe?
Steam,fokjhnx,t1_fokjenh,1587843216.0,"Nope, I checked my inventory and there’s nothing in there"
Steam,fokhj1m,t1_fokhheq,1587842177.0,G2a I believe
AmItheAsshole,fjbjsw3,t1_fjbjnhq,1583194881.0,Lol she isn’t even aware of what happened...she’s 5.... Making lots of assumptions there. The latter part of your comment I understand.
AmItheAsshole,fjbigtq,t1_fjbhyos,1583194011.0,Yeah you’re right. I won’t call back but I wish I can do something about this feeling of embarrassment...
AmItheAsshole,fjbhpa6,t1_fjbhloc,1583193519.0,Would you recommend me giving them a call back or would just leaving it be a better approach?
AmItheAsshole,fjbhf9a,t1_fjbgsgf,1583193343.0,"If I call back it’d be about the treatment, again they made me FEEL is if it was about skin colour. I don’t have solid proof that’s it’s the reason behind it so there’s no point making an argument there."
AmItheAsshole,fjbgh0g,t1_fjbg7xu,1583192739.0,Never unless it’s heavily implied. The body language and eye rolls when I was explaining what happened in this case made me question it.
AmItheAsshole,fjbg6ec,t1_fjbfsru,1583192555.0,"Yeah, I see your point."
AmItheAsshole,fjbfx0w,t1_fjbfric,1583192392.0,I added the race thing because that’s how i FEEL. That’s all there is to it.
AmItheAsshole,fjbfcv7,t1_fjbf2m5,1583192042.0,Yeah you’re right...just the thought that they think I was intentionally stealing it is what’s really upsetting me for some reason.
AmItheAsshole,fjbf725,t1_fjbez34,1583191942.0,"It was an honest mistake but the treatment was extremely harsh. Regardless of whether or not it was about race, I feel like they were in the wrong. I was already embarrassed enough without them salting the wounds."
reactiongifs,fjbb54s,t1_fjb6b07,1583189695.0,"The song “Fuck Off” on PopStar was my daily anthem during my teenage years.

Lonely Island cured my depression back then. I remember listening to mother lover in the middle of class and laughing my ass of when they reach the line “and while You are in my mother...make me another brother” 😂"
deadbydaylight,fj208yj,t1_fj1gzxv,1582931688.0,I’ve been on reddit for god knows how long and to this day I don’t understand what a shit post is. Is it a lie or a meme or...?
OwnagePranks,fixvyvd,t3_f7bxxy,1582827603.0,Try searching for the gay hotline videos or just change ur filter to oldest
deadbydaylight,fi8a86p,t3_f6j0hb,1582236345.0,"Lol I’m not proud of it but i did that in my first ever DBD game.

Nurse took pity on me and gave me hatch but I wiggled out of the grab and sprint AWAY from the hatch as I had no clue what the fuck was down that hole.

I learned what a hatch was in postgame chat. Never felt so dumb."
deadbydaylight,fi892yo,t3_f6xo4l,1582235732.0,That was sexy
tifu,fhegrzc,t3_f2k0x3,1581522071.0,"can’t your bro file a lawsuit against the auto insurance company for this? Better yet, get a much lower than average insurance deal"
mentalhealth,fh4ag3s,t1_fe9d9cs,1581276781.0,"I was just about to say. People post these motivational misquotes everywhere lol. After seeing a one too many they kind of lose their effect

I like this saying tho"
learnjavascript,fgsc1ps,t1_fgrkax0,1581079981.0,"Thanks a lot for putting in the time to explain this. Turns out my entire approach was wrong since I was going for creating class instances without making them. 

Thanks again! 🙏"
deadbydaylight,fgomjzz,t1_fgom8vx,1580976050.0,"Aight, thought there was some unspoken rule or something in the community. Would have been dumb af"
tifu,fgkr3a6,t1_fgfog5d,1580871731.0,Is nowhere safe?
tifu,fgiu4q1,t3_eyn647,1580830961.0,"OP’s father walks into living room and stares at TV...

“Confused I am.....

#BONER I HAVE!”"
deadbydaylight,fggtdca,t1_fggsoco,1580769121.0,I’ve been practicing skill checks and I’d say I can get 1/10. Thing is sometimes even when I hit a great skill check the gem STILL fails...I’m guessing you need to take lag into account too?
tifu,fgg28vu,t3_ey992h,1580752673.0,"This is some next level dodging. Two letters will end your problem but your going on reddit to ask strangers for their blessing??? 

Just change your mind and say no"
tifu,fgbx389,t1_fg44d42,1580666917.0,I never heard this reference before :/
tifu,fg578o2,t1_fg573ng,1580520020.0,Has to do with eating shit...no it’s not a metaphor
tifu,fg3zbpd,t1_fg3y8yd,1580492874.0,"That’s how I feel whenever I see 2G1C usernames.

If you get what that means then you’re probably traumatized like me.

If you don’t then for the love of god DONT GOOGLE IT!"
tifu,fg3paqb,t1_fg3i2cd,1580486746.0,You’re the best *Mother-in-Law* I could ever ask for...
MurderedByWords,fg3ij2g,t1_fg3i19a,1580482367.0,It still cracks me up every time lmao
tifu,fg392xe,t1_fg2haji,1580474887.0,"*Toss a coin to you paperboy*

*A friend of the elderlyyyy*"
tifu,fg38yjn,t1_fg19ct6,1580474775.0,It’s fake af but I still enjoyed it. Downvoted for not owning the shit post tho.
tifu,fg38m1n,t1_fg14tnb,1580474444.0,"Cuz he ain’t owning the shot post, otherwise I would upvote"
tifu,feha6ru,t1_fefx5r5,1579112356.0,Name DOESNT check out
tifu,feh8mcn,t3_eotehf,1579111408.0,I just played the scenario in my head except at the end her son screamed “WHAT ARE THOOSE!”  while holding the drawer with a shocked look on his face lmao
tifu,feh8g42,t1_feg1mu7,1579111304.0,Does this classify as a woosh or just a dumb question?
tifu,fdgjieb,t3_el8sxs,1578399332.0,"Looks like he was looking for MORE HEAT THO!

...I’ll show myself out..."
tifu,f2r0pzh,t3_de0icw,1570368607.0,Hmmmm.... I’m torn between “You can’t make up this shit” and “this can’t be real” 🤔
