Stoicism,fqo489d,t1_fqnuiju,1589507239.0,"Exactly. People tend to dislike you when you mirror them. When someone refuses to share with me, I tend to refuse to share with them too and they get mad. Like why? They should know that I am just mirroring what has been projected."
NoStupidQuestions,fqheqq8,t1_fqgyisx,1589375424.0,Do they both have word limits?
insaneparents,fqaiaxp,t3_ghk32q,1589219543.0,So true
AskWomen,fqahqsd,t1_fq9kvtv,1589219276.0,Does having severe pain for the first two days a sign of endo as well?
1200isplenty,fqahff3,t3_ghl3mx,1589219123.0,Cutest
insaneparents,fqah22q,t3_ghnqdr,1589218946.0,😭
MakeNewFriendsHere,fq95fse,t3_ghdrps,1589186215.0,So funny
GetStudying,fq8y04t,t1_fq6fnl9,1589178942.0,Your lobster is so cute
sadcomics,fom20ps,t3_g7ztpw,1587876154.0,Omg
GetStudying,fom16gc,t3_g7xgyr,1587875525.0,Thank u how cute
Stoicism,fo2dkqj,t1_fnnda2u,1587458331.0,I agree to your last sentence.
Stoicism,fo2djg7,t1_fnnd4zz,1587458293.0,Sick of dealing with this in life.
Stoicism,fo2bi3s,t3_g4ibb7,1587456147.0,I accept it but can't deny life is still difficult.
AskReddit,fnkafx3,t1_fnk5f5q,1587020024.0,Yes its somehow like a curse cause in like a few years i started having disordered eating.
AskReddit,fngtzd1,t1_fngti80,1586944881.0,"Yes indeed. So many insensitive people in this world. In my case, i was ""diagnosed"" by random people and was told in a disdainful manner like I should be ashamed. Like 🤷‍♀️"
AskReddit,fngnkz7,t1_fngbovg,1586938199.0,I don't understand why are some people so mean/ignorant/rude.
AskReddit,fngneco,t1_fngciik,1586938014.0,This is racism and they are bullies. I am sorry.
AskReddit,fngnckj,t1_fngacug,1586937966.0,"I have been told i have anorexia to my face. Like, ""You have anorexia"". It isn't a question or anything. And that was before I had my eating disorder."
AskReddit,fngn2gz,t1_fngbdzr,1586937682.0,Some professors are awful.
AskReddit,fngmwq8,t1_fngb3st,1586937526.0,Mean ass prick
AskReddit,fngmize,t1_fng6kkm,1586937145.0,This is awful. But i have my fair share of such occurrences.
SuicideWatch,fng4u68,t1_fndroiz,1586922354.0,Exactly
SuicideWatch,fng4d4c,t3_g1afy7,1586922032.0,I feel the same. Feel like being stuck in purgatory.
AskReddit,fncp70d,t1_fncm4xb,1586842826.0,Can it be the drugs that has altered his state of mind?
GetStudying,fmsszjl,t1_fmrp6hr,1586361525.0,"woah cool, but how do you motivate yourself tho? I will just be like, ""Well, I will be the cool and laidback character who does nothing""."
Stoicism,fmk163t,t1_fmk0v0s,1586142084.0,Life ain't simple. Sadly.
TrueOffMyChest,fmhx2am,t3_fv5ptm,1586096445.0,"Been stressed out for too long and realised I wasn't happy, need this."
Stoicism,fmhwotq,t3_fvaf03,1586096096.0,Why am I still here
depression,fmgrypl,t1_fmf2b25,1586056247.0,Thank you so much. Hugs.
depression,fmep7et,t3_fur5c7,1586010312.0,I care about genuine people.
selfharm,fmep3gp,t3_futs1o,1586010233.0,:(
depression,fmejboa,t3_fuqtmi,1586005732.0,"Yes, I felt the same way for the longest time. And yes, when I voiced it out, people disappoint me more by telling me, "" If you're living that way or are offended by so many things, you can't make it in life"". That's what my father told me when I was 11/12, and those words stuck till today. It seems that people who close their eyes to the cruelty of the world or those who decide to ride on those cruelty for their own benefit/ ignorant people who don't care are the people who live life without feeling slightly upset about the way it works. 

I am still very much depressed even till this day. I tend to think of this world as temporary. Let the evil rule, because I lack the power or the ability to stop that. Let the two-faced people thrive. Let the world spin around this axis of all the negative values we were thought not to do. Corruption, murder, lies, misuse of power. Because I am a hopeless mere mortal. It is not up to me to change this whole world into an idealistic one.

Am I unhappy? Yes. But I am too tired to care nowadays since no one appreciates it when you are trying so hard to make the wrong right. Everything is just relative. There is no right and wrong and we are just cells with an expiry date."
SuicideWatch,fmeied8,t3_fure5q,1586004915.0,"I feel the same way. I am trying to survive, really badly and trying to cheat myself into thinking I have a hopeful future but on some days, I am like, can I just take a p\*\*son pill?"
TrueOffMyChest,flxmpt2,t1_flxm79r,1585585875.0,"Thank you so much. As much as I can distance myself physically, I realised that the emotional scars are there. They are harder to heal and it affects the way I react in current problems and situations. Also affect the way I interact with others and form relationships. I find it hard to break away from that. If I was brought up in a more chill and loving and easy going family, I wouldn't react so aggressively/negatively to certain things. Which sucks. And I am very aware why I act a certain way to certain things which might not result in the most favourable circumstances for me."
SuggestALaptop,flwqohs,t3_frleva,1585561285.0,new 2020 macbook air
TrueOffMyChest,flvg8o4,t1_fluj9sq,1585523151.0,"Thanks for telling someone contemplating suicide:life is shitty for a lot of us. 

A therapist fixes the rest? Wow how easy and convenient!

Anyway. Thanks and bye. Hope u feel as bad as I do one day and have people say that to you."
TrueOffMyChest,flug7aq,t1_fludovs,1585501964.0,"I am damaged beyond repair. Now I am depressed, have GAD, multiple eating disorders, body dysmorphia disorder, self harming tendencies and suicidality. I just wanna die fr. Too tired to mend the mess."
SuicideWatch,flty92s,t1_flty69b,1585490738.0,Thank you.
SuicideWatch,flty0od,t1_fltxrsg,1585490560.0,"Thanks for the reply but I think you misunderstood my question. I am not trying to survive. Is that what you think I should do in the last 4 years of my life? 

I want to experience things in my last 4 years of life, not trying to cope with the pain anymore. I have given up on that.

After 4 years I can leave for good."
TrueOffMyChest,flto258,t3_fr34gq,1585481090.0,Bs
Stoicism,flt3ffv,t1_flhoise,1585458069.0,Thank you. It really helps. I am very grateful for this point of view. :) Made my day.
Stoicism,fl6qfvn,t1_fl1abn1,1584879966.0,Thank you so much Anderson. I appreciate your reply and have come to terms with the situation.
Stoicism,fl0ugq2,t3_fklcju,1584715988.0,"I really needed to read this. Out of all those motivational quotes I see on social media, stoic quotes make the most sense and they help me deal with my emotion in life. I live in a lot of stress and anxiety and stoicism has helped me so far."
MakeNewFriendsHere,fkxsylg,t1_fkxsk5i,1584634829.0,Lucky you. Do take time to rest and for yourself.
MakeNewFriendsHere,fkxoiis,t3_fl9ab0,1584632357.0,I love bunnies
MakeNewFriendsHere,fkxoe5x,t3_fl9ehx,1584632289.0, Might be president. Still undecided.  lol
spirituality,fkxo5wb,t1_fkxb0ue,1584632161.0,"Truth to be told, majority of them just take it as a job. There's zero to no compassion in the medical field. The people who survive in that kind of environment, feed on each other and stepped on others to up themselves. This might not be known to the public. Same with nurses, attendants. Nobody cares cause they see people dying daily and if you whine and cry, they will find you ""dramatic"" and ""annoying"". People with true kind hearts can never survive in the cut-throat medical field."
MakeNewFriendsHere,fkxnnjc,t3_fl6hug,1584631872.0,"Why is everyone ""bored"" at home and ""trying to find something to do"" during this quarantine when I am left with so many things to complete? Feeling bummed and stressed. I wished I felt ""freedom""."
selflove,fkxjsma,t3_fku84p,1584629640.0,ALways
PharmacySchool,fiwx5tt,t1_fhl8twk,1582806461.0,There are too many. Sadly all the people who survived med school are those who are willing to stab your back to inch themselves forward. It is too much of a competitive field and people go in for all the wrong reasons.
Stoicism,fgp57d2,t1_fge2nae,1580997146.0,"I have to agree. Based on my experiences, wealthy people are less ""stressed"" because they always have something to fall back into while the poor is always struggling, working hard, stressed to improve their life only to have the rich tell them, ""money isn't everything"""
Stoicism,fgp2bua,t3_ezhopc,1580994902.0,"There's a lot to be learnt from both Buddhism and stoicism. You don't need to take all of one in and reject the other. In certain circumstances, we need the patience and understanding of Buddhism to help navigate our situation while in other circumstances, we need stoicism. Of course it is up to you, but I try incorporating important teachings from both philosophies into my life."
tea,fgp0zs8,t3_ezfjpe,1580993790.0,zen. love it.
lonely,fgp0vns,t3_eznmh0,1580993725.0,sigh i feel lonely too i get it. be strong
getdisciplined,fgozgwr,t3_ezhsls,1580992828.0,Thanks I needed thiss
Wishlist,fgoyx0v,t3_ezr1x7,1580992288.0,Reddit. Before this it was all social media platforms where people are afraid to speak their mind and only people with beautiful pictures had friends.
Wishlist,fgoytam,t1_fgoylhn,1580992186.0,Agreed. They made TV cool again.
2meirl4meirl,fgob769,t3_ezcv2k,1580964486.0,me always omg how accurate
depression,fgoasao,t3_ezhbwt,1580964153.0,It definitely is very painful <3
1200isplenty,fgoa5k0,t3_ezf3rj,1580963655.0,Inspo to me
camping,fgoa3b6,t3_ezbm0a,1580963607.0,"Really sets the mood, love it."
RandomActsofCards,fgo9ild,t3_ezgwn7,1580963166.0,yes
2meirl4meirl,fgo9gu7,t3_ezgo45,1580963131.0,hahaha
SkincareAddiction,fgo92fy,t1_fgni5dg,1580962842.0,that made me laugh. good point.
SkincareAddiction,fgo8vxu,t1_fgo37jj,1580962711.0,"I agree. But everyone has different skin types and sometimes, I need to try it on myself before knowing if it works. I would love to follow a list of products on reddit or the internet and have it work on me but sadly no. I have to make my own mistakes to learn what works for me which is a bummer sometimes."
SkincareAddiction,fgo8qfl,t1_fgnloq6,1580962595.0,Got a free gift of sunday riley. It did nothing to my skin and smell awfully bad. Not even reaching out for it again.
SkincareAddiction,fgo8lig,t1_fgnghw3,1580962495.0,"Have heard a lot about tatcha and how it is lacklustre but the packaging is beautiful, oh well."
2meirl4meirl,fgo7stl,t1_fgo69ua,1580961911.0,"I agree. I hate that I try so hard and sometimes, it is still not enough."
2meirl4meirl,fgo7pxt,t3_ezg0ql,1580961851.0,"yes i do feel that way when I made a mistake a few days ago and lost some money. Gosh, the guilt and self-hate is enormous."
SkincareAddiction,ffvlfcv,t1_ffvl8dz,1580266882.0,Thank uu
SkincareAddiction,ffvf38o,t1_ffqd65f,1580262631.0,The best micellar water i have tried. Non sticky and feels good on the skin.
SkincareAddiction,ffvexzm,t1_ffsgr32,1580262533.0,This is in a milky form? Or gel form? Will it be suitable for oily skin?
Wishlist,fd39dik,t1_fd36ko4,1578155989.0,Thank you amrit
Wishlist,fd39c1o,t1_fd2hw0x,1578155974.0,Wow thank you 😋
RandomKindness,fasdqpl,t3_ea7unf,1576326368.0,yes i need some humour
KindVoice,fasatml,t3_eaex5g,1576325340.0,hugs
Thoughts,f1injdz,t3_d9hntk,1569512691.0,I love your writing
introvert,f0hmr16,t3_d4up2i,1568626064.0,All the time
oilpainting,f070ubh,t3_d40jyg,1568450019.0,Very good
MakeNewFriendsHere,f04ndf0,t3_d3qb6g,1568391338.0,Troll
MakeNewFriendsHere,f0410d7,t3_d3lrm7,1568376794.0,12
SkincareAddiction,f037gc9,t1_f031xmk,1568346902.0,Only as masks not serums. There is no way I can get samples here. Thank you so much your response.
SkincareAddiction,ezzehwr,t3_d2lcpk,1568285578.0,I saved up for good genes and now I am wondering if i should get it.
SkincareAddiction,ezz8mxg,t1_ezyuv0n,1568282612.0,"I dont know any moisturising gels, do you recommend any?"
SuicideWatch,ezygq81,t3_d30xzb,1568267787.0,Feel the same way
oilpainting,ezq841k,t1_ezq7t7p,1568055954.0,Thank u
tea,ezpsnem,t3_d1pqti,1568047606.0,How fancy
booksuggestions,ezpq3ak,t1_ezorl31,1568045910.0,I haven't heard about this book by Murakami. He is the best at describing depression/grief. Thank you.
Thoughts,ezpniyf,t1_eyzcyh1,1568044231.0,I completely agree
Thoughts,ez8hwps,t1_ez8hvpo,1567743955.0,I know. 😔
koreanvariety,ez35khk,t1_ez0ilvx,1567661336.0,"I agree. She wanted to kind of ""scare"" him off the divorce by asking a huge amount of money and when he agreed, she was hurt and upset because he was ready to give up that much just to be away from her. It was a wake up call for her that him wanting a divorce was no joke."
Thoughts,eyzbico,t1_eyzbc2n,1567613966.0,I won't too. Hugs. 💕
DecidingToBeBetter,eybmwjf,t1_ey9f81z,1566988033.0,Care to pm me your story and how u overcome it. I find great comfort learning from others.
painting,ey92sou,t3_cs7v9q,1566933963.0,So good. I love love it.
oilpainting,ey91o3b,t3_cw7e3y,1566933242.0,I love this. So good
1500isplenty,ey8s78c,t3_cw3soa,1566927128.0,So good
DecidingToBeBetter,ey8rywo,t1_ey8m7fl,1566926978.0,I sacrifice time to work hard in life only to fall into nothingness and depression
DecidingToBeBetter,ey8k4nx,t3_cvw0sf,1566921909.0,I dont agree with this. I sacrifice a lot but got nowhere. Be happy every day.
MeetPeople,ey77c3q,t1_ey77b2w,1566873846.0,Hit me up on redditchat
KindVoice,ey5gr3u,t3_cvhl7n,1566831250.0,same here
