Christian,fr5c1hc,t3_gmrai1,1589906066.0,"Don’t feel guilty, I’ll pray for you right now."
OCD,fqx92ol,t3_gl00mn,1589728315.0,Keep labeling as intrusive thoughts when you get them.
selfhelp,fqsih6y,t1_fqsibsp,1589608188.0,Thanks man
selfhelp,fqsi915,t1_fqsh5lg,1589608007.0,"All good, my dms are open  when you need them :)"
selfhelp,fqsguin,t3_gkp871,1589606909.0,"Hey man don’t worry about it. Everything will be okay. Go back and look at that old post you made. Some of those comments are helping me out right now too, and I appreciate it. So just go back and take a look at the comments"
OCD,fqsbm5r,t3_gkip1x,1589603034.0,Yes I do
OCD,fqsb7e1,t3_gko8o7,1589602744.0,I’m here with you too
Christian,fqooujz,t1_fqooitq,1589520598.0,I just have to say thanks again😂
Christian,fqomoyq,t1_fqomf8l,1589518941.0,Wow thank you so much man I appreciate it.
Christian,fqoauxw,t1_fqo86i4,1589511185.0,Thank you so much man
Christian,fqnmlxy,t1_fqnkahp,1589497578.0,"Wow, thanks a lot my friend."
Christian,fqnmj75,t1_fqnj5ur,1589497537.0,Okay thanks man!
Christian,fqnmi59,t1_fqnhfi1,1589497521.0,Thank you so much I appreciate it
Christian,fqkyglu,t3_gjh8ki,1589440114.0,You got it!
Anxiety,fqht61n,t3_gj19ax,1589384089.0,"You are not your thoughts, you can’t control them."
camping,fqexy7i,t3_gijnud,1589315438.0,That is awesome
NoFapChristians,fqefamd,t1_fqeeqyl,1589306594.0,Thanks man
NoFapChristians,fqeafzm,t1_fqea1nv,1589304358.0,Not edging and mainly throughout the day. This guy said that it’s my brain tricking me. I also do have ocd.
Christian,fqe411w,t1_fqe2sdc,1589301396.0,Okay thanks man!!!
Christian,fqe1lxk,t1_fqe17pu,1589300266.0,Wow thanks a lot man I appreciate it.
NoFap,fqczoqt,t1_fqczmwf,1589274524.0,So nothing is really coming out??
DecidingToBeBetter,fqcrdmr,t3_gi5zvv,1589266441.0,I need this too!!
Christian,fqcnx1x,t1_fqcnejd,1589263405.0,"Ah okay, thanks man"
Christian,fqcn1zd,t1_fqcmu6h,1589262688.0,How will that help?
Christian,fqcmp17,t1_fqcmjtc,1589262395.0,No way psalms is my favorite!! Thank you so much!!
Christian,fqcm7rt,t1_fqclyza,1589262006.0,Okay thanks for the response and help!!
offmychest,fqc7rtu,t1_fqc7ouw,1589251907.0,"Yeah I do, I might do that. Thanks man"
offmychest,fqc73ey,t1_fqc6uzn,1589251495.0,"Thanks man, but I forgot who it was even from in my family in the first place, I guess I could give it away to charity once I’m older"
offmychest,fqc6gdv,t1_fqc60v8,1589251110.0,I think it was a birthday
offmychest,fqc6fdq,t1_fqc6cd6,1589251093.0,They don’t know about the wrongdoing.
Anxiety,fqanv55,t1_fqamal1,1589222242.0,Thanks man!!
OCD,fqa9vdr,t3_ghmifu,1589215393.0,"You are not your thoughts and believe that you are straight. You said it yourself, you in know who you are."
Anxiety,fqa4a4j,t3_ghq4xd,1589212558.0,I experience it and I dint know :/
Meditation,fpuxm9k,t1_fpuwxcj,1588927323.0,"You are right, don’t worry. I breathe through my now nose and out through my mouth. Not to sound rude, but I have no idea what that guy is talking about."
OCD,fppxthl,t3_geuxml,1588811243.0,"Don’t worry man, I had those thoughts too, I just stopped fapping."
NoFap,fpoer0o,t3_gelwtl,1588783265.0,It’s not worth it
OCD,fpkge1s,t1_fpk2xll,1588694207.0,"Thanks man, and I know they obviously won’t hear or know about it, but for me I care deeply about characters. Mainly because most of my shows/movies I watch is an escape from reality. Thanks again though."
OCD,fpihwp1,t1_fpif4xd,1588641252.0,Thank you so much I really appreciate it
OCD,fpidslf,t1_fpidmy6,1588638837.0,Yeah that’s true thanks man
NoFap,fp8vod5,t1_fp8uzao,1588404593.0,It’s normal for that to happen
NoFap,fozmonl,t1_fozmaqy,1588193225.0,"I have no clue honestly, maybe try looking it up on YouTube e or google? Make sure you put nofap in the search just in case though."
NoFap,fozm1in,t3_gah8sa,1588192919.0,Cold shower?
NoFap,fowov6p,t1_fownjev,1588124082.0,"Thanks so much man, and thanks again for the other post!!"
NoFap,fotepz0,t3_g9h714,1588051788.0,Don’t beat yourself up
NoFap,fot6c0u,t1_fot5wqx,1588045641.0,Okay thanks bro
Anxiety,foszxfh,t1_fosz7wq,1588041596.0,Trust me man please don’t do this. Have you ever heard of the rapper logic? He has a song called 1-800-273-8255. I highly recommend it.
Anxiety,fosz138,t1_fosyu3t,1588041050.0,Listen to positive affirmations on YouTube
Anxiety,fosyq7a,t1_fosyl4e,1588040860.0,"Dang I’m sorry... well trust me would rather kick suicides butt, or succumb to it?"
Anxiety,fosyi70,t1_fosygvv,1588040724.0,How do you know that?
Anxiety,fosy9qd,t3_g9eqof,1588040579.0,"It won’t help, remember the damage you would do to your loved ones"
NoFap,fosxqcg,t1_fosxjb6,1588040253.0,Yeah that’s probably true thanks man
NoFap,for81jy,t3_g8znk8,1588007752.0,Do you like her for her body or for her personality?
NoFap,for66xx,t3_g94g51,1588006851.0,I wouldn’t do it if I were you.
NoFap,for60xe,t1_for5a47,1588006769.0,"Day 11 or 12, and okay thanks man I appreciate it."
NoFap,foksb2r,t3_g81117,1587847995.0,Push ups
NoFap,foi404b,t1_fofwq6t,1587778250.0,"Yeah I do mindfulness meditation mostly, but thanks man!"
NoFap,foeyvrf,t3_g75430,1587719743.0,"You can’t control your thoughts, you are also not your thoughts"
NoFap,foeyt5o,t1_foexslq,1587719664.0,Thanks man
NoFap,foei57b,t1_focan5d,1587704384.0,Thank you so much man and you are totally right.
NoFap,foc8zjf,t1_foc8m0e,1587668510.0,You too man! Good luck on your journey!
NoFap,foc8ccq,t1_foc7wr2,1587668299.0,Oh yeah I know what you mean that bugs me too.
NoFap,foc7lun,t1_foc75dd,1587668045.0,For what?😂 Thanking everyone?
NoFap,foc6z48,t1_foc6c61,1587667836.0,"Lol yeah man, they are taking their time out of their day to help so I have to xD."
NoFap,foc5smw,t1_foc4vbf,1587667442.0,Yeah that’s true thanks man
NoFap,foc5qy6,t1_foc4uld,1587667425.0,Okay thanks bro
NoFap,foc5pr6,t1_foc5ca4,1587667413.0,Thanks man
NoFap,foc4ubi,t1_foc4s50,1587667120.0,Okay thanks man
NoFap,fobwkoh,t1_fobq50j,1587664465.0,Repost it so new people can see
NoFap,fnj8r22,t1_fnj8jg0,1586994121.0,Thank you so much man I really appreciate it!!!
NoFap,fnip078,t1_fni4s02,1586983818.0,Ooo nice I love motorcycles
NoFap,fnhvvxm,t1_fnhm8pv,1586969730.0,He said knowing it’s blocked
NoFap,fnhqan7,t3_g1rx1x,1586966986.0,Wow! Where’s that at? That looks incredible!!!
NoFap,fngc3sl,t1_fngblea,1586927789.0,"Oooo good idea for that ab workout, I usually just do push-ups, but thanks for that recommendation!"
Anxiety,fngbvf2,t3_g1h4b7,1586927597.0,"You should just stop masturbation. Look into nofap, it’s really helpful, masturbation is a waste of time and energy. Trust me, if you start early it will save from a world of shame, regret, and guilt. Don’t worry about it too, you can’t control your thoughts. r/nofap"
NoFap,fmrigjp,t1_fmrg1m8,1586324191.0,Thanks a lot man
Anxiety,fma9qh2,t3_fu1gqy,1585887545.0,"Please don’t. I know it may seem hard right now, but you need to remain hopeful."
NoFap,fm8vws4,t1_fm8fats,1585857015.0,Yeah
NoFap,fm895s2,t1_fm6xhlq,1585845124.0,I don’t know I’m in the same boat though. I have intrusive thoughts.
NoFap,fm6wqzx,t1_fm6uyl4,1585805534.0,True
NoFap,fm4wyvj,t3_ft3lth,1585762305.0,"Please don’t you have to much to live for. I know it may seem hard right now, but once you get through the first couple days, it gets a lot easier. Just keep your head up and stay safe my friend!"
NoFap,fm4wjyf,t3_ft3zm7,1585762104.0,See this as a time of recovery for you back and addiction so you can come back stronger!
NoFap,fm3f0c2,t1_fm39f40,1585721301.0,"Okay thanks man, I appreciate it!"
selfhelp,flt90xt,t3_fr1bji,1585463325.0,Honestly same man!
NoFap,flqhlg3,t3_fqi1ib,1585395116.0,"Hey man, it doesn’t work for everyone."
NoFap,fkz0c05,t1_fky2etp,1584659976.0,Dang I’m sorry man.
NoFap,fkxyip8,t3_flbtwz,1584637904.0,"Hey man, I think you should take it easy on yourself. You have passed 100 days which is a huge accomplishment. I think you should listen to some positive affirmations when you go to bed tonight that may help. :)"
NoFap,fkun1tv,t1_fkui3z2,1584552453.0,"Wow, that’s enough motivation for me to not relapse thanks man. I have thought of that, but hearing it from someone else is a lot better."
NoFap,fkulczw,t3_fksvko,1584551539.0,Thanks for the motivation man!
NoFap,fkukxv9,t1_fktinz5,1584551319.0,"Yes that is very true, thanks again man."
NoFap,fktiimg,t1_fkti6ia,1584521373.0,I don’t like that way of thinking tbh. But thanks again for the help.
NoFap,fkti0ce,t3_fkm957,1584520710.0,"Nope, I will be the nofap king😂. Or we both will be kings."
NoFap,fkthyll,t3_fkm9of,1584520645.0,I’m in the same boat man.
NoFap,fkthx6f,t1_fktgnsh,1584520592.0,Okay thanks for the help man I appreciate it
NoFap,fktfmhj,t3_fklsdc,1584517636.0,I agree
NoFap,fkfxrlm,t3_fi9pj8,1584145062.0,"Hey man don’t worry about it, you can’t control your dreams."
NoFap,fkevaak,t3_fi3cp9,1584121414.0,"Good way to put it man, we are all here for each other."
NoFap,fka0dbh,t1_fk9y5sa,1583988328.0,Sweet thanks man
NoFap,fk8ru32,t1_fk8q9vd,1583961709.0,Thank you so much man I will do that. Do you want to be my accountability partner or something? This really helped!
NoFap,fjqzejx,t1_fjqxcwh,1583579598.0,Yeah I know man.
NoFap,fjq1pzg,t3_ferqo2,1583565399.0,Willpower
