subreddit,self ID,parent ID,time,text
lowbatterysounds,ffamz0q,t3_esh50t,1579739744.0,binyot when corrupt
cubase,ffam2wb,t3_esjwa5,1579739138.0,"No offense and this is a great place to come for questions specifically regarding Cubase, but both of these questions would probably be best answered by your teacher. It is an audio class, after all.

Since your first question is somewhat Cubase related, you can just drag wav files (and other audio files) into the timeline. The correct options depend on other factors like your projects sample and bit rate. You should ask your teacher about those. 

The second question I'm having a hard time understanding, but I think by the white line above the clip, you're referring to the clip's volume control. You might have dragged that accidentally while the imported value is always 0db. That is not the actual volume of the track / clip - you should look at the mixer window for that."
samoyeds,ff8sntv,t3_es66ze,1579694560.0,"I have a co-worker that Miso would get along with!

...For the island music part, not the carpet ripping.."
videos,ff01xf0,t1_feze3kg,1579464349.0,That's rough buddy
cubase,fezx4ts,t3_eqsmbf,1579462820.0,"Nice work. In the future, you should consider upgrading to Artist or Pro and utilize the more advanced features like AudioWarp and VariAudio to fix the timings and vocal pitch (those were the two things that stood out strongly to me).

Otherwise, decently mixed and composed. Keep it up!"
Whatcouldgowrong,fezr461,t1_feytxf9,1579460593.0,She was using her sith lord powers
feedthebeast,few8p5y,t1_few7xs8,1579406960.0,"Ahh, yes! You're right. You just add the parameter _""NoAI:1""_ to the curly braces, so the full command to spawn a peaceful player mob would be _""/summon headcrumbs:human ~ ~ ~ {Username:BassaForte,NoAI:1}""_

Thanks for your help!

EDIT: Upon further inspection, this isn't quite what I want. It makes them peaceful, yes, but since AI is disabled, they don't move at all (or even react to physics / punches).

EDIT2: Figured it out. You want to add _""Attributes:[{Name:generic.followRange,Base:0}]""_ as a parameter and omit the NoAI, so the full command would now be _""/summon headcrumbs:human ~ ~ ~ {Username:BassaForte,Attributes:[{Name:generic.followRange,Base:0}]}""_"
feedthebeast,few1lgb,t3_eqqykn,1579404183.0,"Aha, after some more trial and error, I figured out the problem.

I took the command example too literally, and didn't realize _""headcrumbs.human""_ was not valid. The correct syntax is _""headcrumbs:human""_.

So for anyone else with the same question, _yes_, you can spawn player mobs and the command is _""/summon headcrumbs:human ~ ~ ~ {Username:BassaForte}""_

EDIT: I have a followup question... after doing my own research and checking the config files, I'm unsure if there is a way to make the player mobs passive or peaceful (not hostile)."
gifs,feuah9c,t1_fetsu45,1579384703.0,Yes
OSHA,fetpevg,t1_fervsln,1579377985.0,Chute chute bang bang
gifs,fetmoa6,t1_fetfwoa,1579376925.0,Yo that mission in vice city to collect all the cars was pain because of that
gifs,fesr1d2,t1_fesk4xx,1579368101.0,You're welcome
politics,fen6bc4,t1_fen14p4,1579277929.0,Hey the sequel is pretty great too
fffffffuuuuuuuuuuuu,fen3eiv,t1_fen1ioh,1579276093.0,"I'm not sure what says more about low IQ - not being aware waterpiks were a consumer product when in high school, or attempting to insult random people on the internet :]"
disneyvacation,fem7kd3,t1_feluvai,1579242604.0,/r/notdisneyvacation
fffffffuuuuuuuuuuuu,felsx1k,t1_felrofg,1579230134.0,"Good, I don't feel so old then"
fffffffuuuuuuuuuuuu,felq80z,t1_felovtr,1579228281.0,"I'm 25. I don't remember learning about water piks until my 20s, and I had my wisdom teeth removed at 18."
fffffffuuuuuuuuuuuu,fekf7qb,t1_fekektb,1579198789.0,I think this was before waterpiks were a thing. Don't remember though.
fffffffuuuuuuuuuuuu,fekbop9,t3_epmfv9,1579196692.0,"I remember after my wisdom teeth were removed, I didn't want to get food stuck in the sockets, but did anyways and had to get it out with my tongue... Not super pleasant."
news,fei4iuu,t3_ep5sbj,1579130109.0,Where was Chris Hansen when we needed him?
worldnews,fefswo5,t1_fee479p,1579064213.0,"That's not a gold _pistol grip_, and it's probably a gold plated receiver."
philadelphia,fedg6ow,t1_feaq3g5,1579010652.0,You can drive a Volvo around anything if you're brave enough.
Pendulum,fec0fhg,t1_febqzf9,1578964834.0,Is this beef really stroganoff?
videos,febcp3j,t1_feb7940,1578957533.0,Jesus Christ it's Chris Hansen
Pendulum,feb55bj,t3_eob9oh,1578955516.0,wat
cubase,fe8f1zw,t3_eo4aqn,1578925472.0,"For only $50???

Yes, do it, absolutely."
explainlikeimfive,fe8baqs,t1_fe87mv4,1578924435.0,Interesting. I tried reading about it before but didn't get much info. Thanks!
explainlikeimfive,fe7jx5c,t1_fe6il15,1578915618.0,I have a blue eye with a brown ring around it and a brown eye with a blue patch near the top. Kinda strange but rare I assume?
explainlikeimfive,fe7jmyj,t1_fe6ou09,1578915496.0,"I have dichromatic eyes (one is blue and the other is brown). Both of my eyes feel very sensitive to sunlight and I also can't see outside without sunglasses on, although cloudy days are fine."
philadelphia,fe6m6kq,t1_fe6l236,1578895625.0,All of that is speculation when you don't provide sources. Do me a favor and Google the definition of that word.
technology,fe6k3m0,t1_fe6dojs,1578893499.0,I've been looking for you
philadelphia,fe6jt8h,t1_fe6avbv,1578893217.0,Until the mass extinction is of humans.
philadelphia,fe6jmzv,t1_fe65n8w,1578893050.0,That's a lot of speculation without any sources
philadelphia,fe62kg5,t1_fe5we2c,1578880360.0,Maybe they aren't under the sea because of the efforts by people trying to improve things. You ever think that?
philadelphia,fe5gxa0,t1_fe56t50,1578869298.0,"He's probably one of those folk that think because God created the earth, it can't be destroyed. 

Well he'd be right; we aren't ever going to destroy the earth (even if we cause nuclear winter). What will happen, however, is we will wipe ourselves out by making the planet uninhabitable."
philadelphia,fe5g5sa,t1_fe4kglc,1578869065.0,Hmm you make a good impression of yourself
philadelphia,fe5f007,t1_fe5c38m,1578868653.0,"It's pretty clever if you ask me. Everyone who views, whether on their phone or on the screen, will see the same exact thing."
philadelphia,fe5ejnw,t3_ensapf,1578868432.0,The earth isn't dying; we are.
cubase,fe5efag,t3_enppw6,1578868370.0,"Make sure you downloaded 10 and not 10.5. Despite what common sense tells you, a 10 license will not work for 10.5."
OSHA,fe394sm,t1_fdyy15q,1578847148.0,"I thought it was a George Lopez reference, when she is blind"
cubase,fdzqa6f,t1_fdzgpw7,1578793317.0,"I don't disagree, it's not 100% artifact free. Just that the difference is so unnoticeable that it doesn't matter if you use it or not. 

Obviously if you have the opportunity to re-record it, or if you have the means to fix it at the source, you should. Otherwise RX is a fantastic solution."
cubase,fdzbya5,t1_fdyl8gb,1578788596.0,Check out the de-noiser in izotopes' Rx suite. Hardly noticeable noise removal.
cubase,fdz8bew,t3_encclo,1578787637.0,Check out the Izotope Rx suite. There is a de-noiser plugin that works really well - you just give it the buzz / hum you're hearing and it will remove it flawlessly. However it is not free.
Pendulum,fdz74p0,t1_fdypbhv,1578787328.0,"Cheesy is not always a bad thing. Hell, some people eat that shit up. If that's the direction Pendulum is going to go, that's fine with me as long as it sounds good."
disneyvacation,fdz6dpx,t1_fdvkf21,1578787116.0,Step 1: ONE PUUUNNCCHHH
todayilearned,fdtkqxn,t1_fdti3dt,1578718178.0,Hell no. It's roughly an extra $200 a month though which goes straight into software / samples / equipment. I'm not a very big artist anywho.
technology,fdtfkyv,t1_fdt03wv,1578716049.0,"We got our genetically engineered cat girls, in the form of a terrible musical..."
todayilearned,fdten28,t1_fdsulht,1578715663.0,"Interestingly, as an artist I make way more money from streams than direct sales, lol."
todayilearned,fdte617,t1_fdtdkn1,1578715475.0,It was in late December. I got a notification while using the app that premium users get a free home mini. I'm not sure the criteria but I assume every premium user was eligible.
disneyvacation,fdppwk9,t1_fdp70g0,1578636060.0,"""You have chin cancer, prepare to die"""
WeatherGifs,fdonvjr,t1_fdokplo,1578608984.0,"Damn haha I would be on edge after that. Thankfully I only got one alert while I was at lunch, conversing with coworkers in center city Phila."
WeatherGifs,fdnxmy3,t1_fdnuyhh,1578594926.0,The 8th / yesterday.
WeatherGifs,fdnndn7,t1_fdnm106,1578589397.0,The snow didn't stick for more than a half an hour sadly
WeatherGifs,fdnjsnk,t1_fdnfmub,1578587286.0,"I only got one while I was at work but yeah, sadly the snow didn't stick around for long"
disneyvacation,fdm816m,t1_fdm7tw5,1578542085.0,"Oh, yeah that is weird then."
disneyvacation,fdm6ilg,t1_fdlm6qy,1578541000.0,I would guess it's for chord change practice
Pendulum,fdlm29n,t3_ellufz,1578527089.0,"Ayy, I remember using this when I first started producing music in like 2010 hahaha. Glad to see it's still circulating!"
OSHA,fdha3nk,t1_fdf08cc,1578418653.0,That definitely doesn't look medium rare..
worldnews,fdex8b6,t1_fdeehv7,1578348513.0,All aboard on the ghost ship of cannibal rats
3Dprinting,fdewgh5,t1_fdenl5u,1578348030.0,I prefer meat shaped duck balls
cubase,fddjms2,t1_fddhpx7,1578314885.0,"What they should do to stop pissing people off is do a major version (i.e. 10 -> 11) every other year, still do a minor version (i.e. 10 -> 10.5) in the odd years but make the upgrade free."
disneyvacation,fddirs5,t1_fddhyxd,1578313950.0,"I don't always go to Hooters, but when I do..."
gifs,fdaate0,t1_fd9pyqz,1578243838.0,Thingiverse is always having trouble.
cubase,fd6cl7e,t3_ek4olh,1578188910.0,"""Trash"" means they will be deleted from your hard drive, and ""Remove From Pool"" means they will be removed from the pool / project, but not deleted from your hard drive.

Also I believe (but correct me if I'm wrong) that stuff will be temporarily saved in the ""trash"" folder until you close the project, then it would be deleted."
videos,fd4vcat,t1_fd4sp1d,1578171438.0,My comment was not intended that way. I was trying to correct a small detail from the OP but it got out of hand. I shouldn't have commented in the first place because I'm not in a great mood and cannot articulate my thoughts properly.
videos,fd4rpja,t1_fd4qyhb,1578170430.0,"Alright, then I misunderstood. I do however know of some producers who use Pro Tools for electronic music, but you're right that it's mostly used for other types of music.

Also I didn't think FL got big from pirating because everyone I know personally who uses it has a legitimate license."
Whatcouldgowrong,fd43rjr,t3_ejzmae,1578164136.0,He looks like a sim.
videos,fd414zh,t1_fd214bk,1578163446.0,"Except you can buy FL Studio and all of the tools used in this for a couple hundred dollars, or get the same result from a free DAW like Mixcraft"
videos,fd3y6k3,t3_ejwd95,1578162664.0,/r/lowbatterysounds ?
technology,fd3n5r1,t1_fd23db7,1578159885.0,Meanwhile I took the intro C# class at my college and tested out of it because I knew everything I needed to already lol
3Dprinting,fd04q7x,t1_fd03wwi,1578113599.0,"It would be cool to try, but the strings were only like $6 so not worth it monetarily lol."
3Dprinting,fczq96p,t3_ejqjj9,1578106711.0,"I printed the Ukulele using this tutorial: https://www.instructables.com/id/3D-Printed-Ukulele-Fully-Playable/

Took roughly a week and a half, several failed prints of various parts and I upgraded the motherboard in the middle of it (silent board so I could print while I slept).

I wanted to do a cooler design but I'm too afraid to eff it up so I went with a more basic one. The strings are Ernie ball soprano / concert strings and while I do know guitar very well, I've never played a ukulele so it should be fun to learn!

EDIT: [For those wondering what it sounds like...](https://drive.google.com/open?id=1-LCUEvsu2pnnQ37asQYIh1B1Ql6eiCFR)"
dogswithjobs,fcwkp6s,t1_fcwjh4r,1578028291.0,"I read ""Philadelphia"" in the url and then read the article assuming it was a man in Philly. Good catch though you're right."
fffffffuuuuuuuuuuuu,fcvuaho,t1_fcv8g7q,1578010259.0,You must always capitalize the name of our Savior
dogswithjobs,fcvgy61,t1_fcveaor,1578001869.0,"Philly dog owners don't even bother to pick up after them. How could you expect them to train their service dogs to behave?

EDIT: /s"
Whatcouldgowrong,fcupuyx,t1_fcu0fl8,1577986098.0,Automatic driver here (not permanently). I had my cruise control mechanism get stuck on the highway - car wouldn't stop accelerating. My first instinct was to shift into neutral.
AskReddit,fcse71r,t1_fcr5rbl,1577915277.0,Weekend at Bobby's
3Dprinting,fcnc057,t1_fcmqqrm,1577808414.0,I was going to say shots that actually hit but even 17 seems high
AskReddit,fcn07q8,t1_fcmrwfq,1577799400.0,Borealis?
AskReddit,fcjvlnq,t1_fcjs70l,1577706895.0,.gov is a reserved top level domain isn't it?
videos,fcjvf4g,t3_ehj358,1577706650.0,Did anyone else think the thumbnail was Anakin holding up maracas?
philadelphia,fcjus39,t3_ehemin,1577705764.0,I grew up in bumfuck Wisconsin and we did this. This is not just a Philly thing.
AskReddit,fcjb63h,t1_fcj8kdl,1577681900.0,I'm the trash man
cubase,fcivvwb,t3_ehb5rs,1577671067.0,This is like the third time I've seen something like this posted. Seems like the folks at Steinberg need to be a little more intuitive with their UX design.
Whatcouldgowrong,fcgz9ka,t1_fcgedm0,1577645584.0,[Obligatory](https://www.youtube.com/watch?v=zcOhrtAFc-Y)
fffffffuuuuuuuuuuuu,fcg1atz,t3_eh1oir,1577635564.0,Creeper
cubase,fcce237,t1_fcbxmnc,1577597334.0,"As someone who started producing on Mixcraft almost 10 years ago, it's actually pretty quality software. I bet it's even better now than it was when I decided to switch to Cubase (~version 4/5 of Mixcraft).

Still glad I ended up switching to Cubase, and Pro nonetheless."
gifs,fccdpk6,t1_fcbvf9a,1577597223.0,Lost in the sauce
Keep_Track,fcbx37o,t1_fbdv58b,1577591935.0,Pretty sure that was sarcasm
Whatcouldgowrong,fcb9nv2,t3_egyeit,1577584172.0,It's almost like the garage door starts to bend when it reaches the top!
Whatcouldgowrong,fcazp8e,t3_egv9j9,1577579800.0,"Someone could easily take those screams and turn it into a song.

r/youshouldsamplethis"
disneyvacation,fcaxquw,t1_fca331g,1577578700.0,Destroy the evidence
AskReddit,fc6ug13,t1_fc65jrl,1577489788.0,"You could ask for the answer to something in binary, and then convert to a string"
AskReddit,fc6uanb,t1_fc5m1f5,1577489676.0,They took our jerbs!
3Dprinting,fc6si40,t1_fc6q76d,1577488359.0,"It's not like super loud or anything, maybe like medium volume. It's loud enough to be hard to tune out and would probably be heard through a door or two, not sure about a floor though."
3Dprinting,fc6bspp,t3_egfhze,1577476900.0,"It's neat, but gets old after about a dozen prints. I keep my Ender 3 in my bedroom (so I can watch it and make sure my cat doesn't get too curious). I'm not able to sleep with the sounds so my print duration is limited.

However I just bought the upgraded motherboard for it, which is supposed to remove the stepper sounds and the only sound left would be the fans (which I'm fine with)."
AskReddit,fc6awf6,t3_egdu1c,1577476304.0,"Either Punk Rock or various EDM. Here's a list of what I listen to most:


Punk Rock, Pop Punk, Metal, EDM (Drum and Bass, Progressive House, Dubstep, Trance, UK Hardcore)."
videos,fc698s8,t1_fc5j0xv,1577475200.0,That was a 4-lane intersection _without_ traffic lights. And the one after it was _with_ traffic lights.
AskReddit,fc5vgsy,t1_fc5ucpc,1577466768.0,Yeet weight re-rackers unite
AskReddit,fc4sffs,t1_fc4s0kx,1577426678.0,I love your attempt at spelling their name lmao
