subreddit,self ID,parent ID,time,text
Marvel,ffajgfv,t1_ff9oh7h,1579737242.0,ゴゴゴゴ
cringe,ffah5at,t1_ffagz36,1579735626.0,"Preaching to the choir there, bud"
cringe,ffagkqj,t1_ffacqmj,1579735253.0,Love me some better cringe in the comments
cringe,ffagho3,t1_ffacn4r,1579735196.0,r/trashyboners
cringe,ffaggw0,t1_ffacn4r,1579735182.0,r/trashyboners
cringe,ffagchc,t1_ffadxfu,1579735100.0,r/trashyboners
cringe,ffag9qd,t1_ffaf6by,1579735050.0,What?!! Really?!
cringe,ffafn8g,t1_ffaeuad,1579734628.0,FAR LEFT POST MODERN NEO MARXISM
cringe,ffafhuo,t1_ffa9gn3,1579734525.0,I get ten rods to the hogs head and that's the way I likes it!
ToiletPaperUSA,ffafad9,t1_ffa6rdr,1579734375.0,r/comedyheaven
Gamingcirclejerk,ffa6dwj,t1_ff9zszc,1579728767.0,Muskiepie said the gamer word playing PUBG
FragileWhiteRedditor,ffa0y64,t1_ff9zy28,1579725672.0,https://en.m.wikipedia.org/wiki/Homage_to_Catalonia
facepalm,ff9unal,t1_ff5evza,1579721765.0,r/selfawarewolves
FragileWhiteRedditor,ff9um8h,t1_ff9fimi,1579721741.0,https://en.m.wikipedia.org/wiki/Paradox_of_tolerance
insanepeoplefacebook,ff7bl2e,t1_ff7a11a,1579645635.0,"Cats can have a little shrimp, as a treat"
fakehistoryporn,ff71ocm,t3_ervky1,1579639356.0,r/thefarside
insanepeoplefacebook,ff6v6rf,t1_ff65qwg,1579635549.0,Communism made me allergic to shrimp and I love shrimp! I 😭😭😭
insanepeoplefacebook,ff6uorx,t1_ff5xccz,1579635252.0,"""Imigrants"" ""cutlure""  Speak English or get out boy! /s"
insanepeoplefacebook,ff6uj2d,t1_ff6mko4,1579635160.0,"Sir, this is a Walgreens"
insanepeoplefacebook,ff6tyga,t1_ff61i3b,1579634825.0,???
happycowgifs,ff4hua1,t1_ff353wz,1579563973.0,"Cows can have a little wonder bread, as a treat"
happycowgifs,ff4hs8l,t3_ere4vc,1579563935.0,"Cows can have a little wonder bread, as a treat"
FragileWhiteRedditor,ff4eqg6,t1_ff4ax2k,1579561854.0,I dont see any?
neoliberal,ff3vau4,t1_ff2ruwq,1579549629.0,Is this not a far right subreddit?🤔
neoliberal,ff2ktip,t1_ff2cusq,1579510784.0,*fishhook
MapPorn,ff2keqn,t1_ff29l90,1579510196.0,First time I've heard that term
ForwardsFromKlandma,ff2ii35,t1_ff2g4at,1579507622.0,r/fragilewhiteredditor
FragileWhiteRedditor,ff2gid3,t1_ff2b0sk,1579505143.0,Both people look exactly the same!
facepalm,ff2gft1,t1_ff2gaj6,1579505056.0,Respect individual freedom
Gamingcirclejerk,ff2gdyb,t1_ff1vut1,1579504992.0,Imo it's gen 4 but 3 is up there. Everything on the 3ds and after is pretty so so
Gamingcirclejerk,ff2gcp6,t1_ff1ovzh,1579504950.0,Yes
Gamingcirclejerk,ff2g80h,t1_fez5tyf,1579504796.0,Having serotonin was lit
vegan,ff2ekim,t1_ff28yom,1579502897.0,Americans tip 40%?
blursedimages,ff2dw4x,t3_er5eqc,1579502147.0,Patrolling Walmart makes you wish for a nuclear winter
ENLIGHTENEDCENTRISM,ff2dsff,t1_ff1yeye,1579502036.0,Shut or I unsubscribe
ENLIGHTENEDCENTRISM,ff2dqyv,t1_ff1wug6,1579501992.0,"The bar is pretty low atm, anyone is possible at this point. The stranger things kids/Al Gore Jr. 2044!"
facepalm,ff27k51,t1_ff27cj0,1579496079.0,https://www.nhs.uk/conditions/gender-dysphoria/treatment/
FragileWhiteRedditor,ff271w7,t1_ff13m5h,1579495659.0,https://giphy.com/gifs/robot-lucy-orangutan-H4zeDO4ocDYqY
ToiletPaperUSA,ff25wul,t1_ff21d2s,1579494700.0,At inventing satellites and putting the first man in space
facepalm,ff1zgkz,t1_ff1ybwi,1579489791.0,https://en.m.wikipedia.org/wiki/Transgender_history
facepalm,ff1xyp0,t1_ff1xb66,1579488735.0,And?
Wellthatsucks,ff1xayf,t1_ff1futn,1579488299.0,U wot m8
facepalm,ff1wxvj,t1_ff1w456,1579488065.0,How?
facepalm,ff1w2ag,t1_ff1qojd,1579487477.0,When?
facepalm,ff1vzjr,t1_ff1td26,1579487426.0,r/onejoke
facepalm,ff1vysz,t1_ff1uofk,1579487412.0,Source?
facepalm,ff1tpom,t1_fezaqa7,1579485964.0,"
pa·tri·ot

/ˈpātrēət/

￼Learn to pronounce

noun

1.

a person who vigorously supports their country and is prepared to defend it against enemies or detractors."
facepalm,ff1tjqs,t1_fezlirg,1579485856.0,Boring
facepalm,ff1r7nc,t1_fezkooh,1579484400.0,🤣🤣🤣🤣💯💯💯💯🔥🔥🔥🔥ATTACK HELICOPTER 😁😁😁😁🇱🇷🇮🇱🇰🇵😎😎😎😎
facepalm,ff1r5qr,t1_fezj31f,1579484368.0,Yes?
facepalm,ff1qigi,t1_fezykul,1579483946.0,https://i.imgur.com/d25QZLG.jpg
facepalm,ff1qfty,t1_fezt840,1579483897.0,Lol
facepalm,ff1qdhs,t1_ff09wuu,1579483854.0,https://monthlyreview.org/2009/05/01/why-socialism/
facepalm,ff1q133,t1_ff1hrj9,1579483635.0,https://giphy.com/gifs/robot-lucy-orangutan-H4zeDO4ocDYqY
facepalm,ff1q04j,t1_ff10wf3,1579483619.0,Yawn
facepalm,ff1pgj8,t1_ff00hnd,1579483259.0,Ok  boomer
PoliticalCompassMemes,ff09zsk,t1_feyebup,1579466769.0,"""Born to shit, forced to wipe"" - Dennis Prager"
vancouver,ff07bur,t1_fez4e5e,1579465955.0,"Love me some yves, just grabbed some hotdogs and bologna last night. Also gunna try out the light life Turkey coldcuts"
vancouver,few79az,t1_fevyjez,1579406341.0,If I'm touching her spine does that mean I've gone past it?
vancouver,few54ak,t1_fevjwg5,1579405523.0,"If you dont eat meat and you miss burgers, then yes"
vancouver,fevwiv0,t1_fevq6vg,1579402331.0,"Like, your if your fingers smells like poop, you must be doing it right, right?"
vancouver,fevgcql,t1_feu5h60,1579397036.0,Not as gross as dead animals
vancouver,fevgbjt,t1_fetwip9,1579397021.0,Not as gross as dead animals
vancouver,fevg6zy,t1_fevaix9,1579396966.0,"Yeah the bacon and hotdogs are pretty good. Probably a little better than yves, but I like both"
vancouver,fevfrgf,t1_feuovba,1579396903.0,Just like vaccines
vancouver,fevfotx,t1_feunned,1579396878.0,Who doesn't like burgers?
vancouver,fevfkq3,t1_fetoh0s,1579396841.0,Good thing these are vegan
vancouver,fevfibf,t1_feu6aob,1579396816.0,"Jokes on you, I have IBS anyways 😎"
vancouver,fevfafa,t1_fetzp7d,1579396729.0,"Do you know where the clitoris is? It's kinda near the butthole, right?"
vancouver,fevf7h0,t1_fetfacz,1579396697.0,Yeah there's definitely no hormones in dairy
vancouver,feve41v,t1_fetom88,1579396380.0,https://youtu.be/BeVa9xEXLjE
vancouver,fev8q1u,t1_feuj8af,1579394435.0,I tried one from Harvey's and loved it
vancouver,fev8nue,t1_fetvrv6,1579394420.0,I had one from Harvey's and I thought it was great
vancouver,fev8a18,t1_fetfj5j,1579394378.0,"I was pleasantly surprised with the light life burger, it was a good change up. I know I've seen them at Harveys and Safeway"
PoliticalCompassMemes,fetodjm,t1_fete15z,1579377581.0,May the grill have mercy on your soul
PoliticalCompassMemes,fetlhln,t1_fet573u,1579376594.0,"Don't mess with this guys propane, shit"
PoliticalCompassMemes,feq14w5,t1_feopef2,1579335901.0,https://www.google.com/amp/s/www.newyorker.com/humor/daily-shouts/l-p-d-libertarian-police-department/amp
ToiletPaperUSA,fepe74r,t1_fepcqhz,1579318303.0,Praise Geraldo Del Rivera!
MurderedByWords,fep94nw,t1_fep4mj9,1579314913.0,Pretty low bar tbf
Morrowind,fep7waa,t1_fep56b2,1579314122.0,Yeah someone cropped his picture when he was about to say it next to this picture in r/truestl and it was gold
TheRightCantMeme,fep4cgd,t1_fen144w,1579311849.0,"""Yeetus that fetus"" - Jesus Christ 69A.D."
TheRightCantMeme,fep488e,t1_fent34u,1579311775.0,😫😫😫😭😭😭
TheRightCantMeme,fep47m8,t1_feoxjft,1579311764.0,What left party are you talking about? Did one spring up overnight?
Morrowind,fep2wzj,t3_eq23sd,1579310934.0,Oh shit pewds bout to say the gamer™️  word!
pokemon,fep2o2v,t1_fep1rjz,1579310778.0,Uggghhhhh just be nice
gangweed,fep2gi4,t3_epzbji,1579310645.0,"People can have a little gangweed, as a treat 😎😎😎😁😁😁💯💯💯😈😈😈😍😍😍🍾🍾🍾🇰🇵🇮🇱🇱🇷🔥🔥🔥"
antiwork,feow53q,t1_fenjpyg,1579306695.0,What
ExtraFabulousComics,feovzsn,t3_eq4eq8,1579306604.0,When MW2 lobbies get real
WorldofTanks,feosmb4,t1_feobnlx,1579304842.0,I heard there are French tanks in the game now!
PornhubComments,feos1ie,t1_feolm5a,1579304640.0,"Like, do you need to buy the diapers at a special geriatric store?"
FragileWhiteRedditor,feorsrh,t1_feojxyh,1579304527.0,Uhhhhhhhh..... https://giphy.com/gifs/robot-lucy-orangutan-H4zeDO4ocDYqY
TopMindsOfReddit,feoeci1,t1_feod8z2,1579299006.0,Is the clitoris kinda near the butthole?
FragileWhiteRedditor,feodyq2,t1_fenb8lb,1579298779.0,Spicy take
FragileWhiteRedditor,feo9qa5,t1_fempe21,1579297082.0,Nuance and context?
FragileWhiteRedditor,feo9opy,t1_fen6iz2,1579297058.0,What's wrong with a straight pride parade?
FragileWhiteRedditor,feo9hr7,t1_fenorrp,1579296942.0,"And all those people are aware of their specific background, not just what continent they're from"
FragileWhiteRedditor,feo32kz,t1_feo22hq,1579294494.0,"First they came for the bigots, and I did not speak out"
FragileWhiteRedditor,feo30w6,t1_feo1mk2,1579294468.0,https://giphy.com/gifs/robot-lucy-orangutan-H4zeDO4ocDYqY
FragileWhiteRedditor,feo2z4e,t1_fenwgn1,1579294439.0,https://giphy.com/gifs/robot-lucy-orangutan-H4zeDO4ocDYqY
PornhubComments,feo26q2,t1_femmoz9,1579294137.0,Can you recommend some good adult diaper tutorial videos?
