subreddit,self ID,parent ID,time,text
buildapcsales,fff1ust,t1_ffevk67,1579873405.0,"I'm at 7 years and feel like I'm gonna die.

Because it still runs 1080p60 on meh settings in most situations, so it's not a clear-cut issue of ""I can justify this expense"". Itd be a lot different if I didn't need a new mobo for a new cpu, and new ram for a new mobo."
youseeingthisshit,ffdr403,t1_ffcuncq,1579826891.0,Thank you kind sir
youseeingthisshit,ffdme06,t1_ffdk6vf,1579823966.0,"Oh wow, another incel being an incel. What a revelation."
youseeingthisshit,ffdm893,t1_ffdkh9v,1579823866.0,I'm sure you're fun at parties
buildapcsales,ffddi1n,t1_ffbkjxv,1579818590.0,As someone with a 1660 Super in my shopping cart right now --- when are the new cards?
buildapc,ffdb4bv,t1_ffdare2,1579817061.0,"My monitor is only 60 fps so that's why I'm pursuing these specs. Still, useful info though, thanks"
buildapc,ffcqh9y,t1_ffcn103,1579805101.0,"Cool, this is useful to know. I might go with this setup then.

I'm not upgrading my 1080p60 monitor so I'm trying max out this bottleneck. Good to know to be choosy about some potentially stupid settings."
buildapc,ffcj2wy,t1_ff6d3ab,1579800535.0,"What do you have against my dog, buddy"
buildapcsales,ffc6woe,t3_esle33,1579792935.0,"I'm pretty sure buying from amazon and not direct from WD's website causes some issues with your warranty.

I didn't buy this drive in particular, but I did get a 1TB WD Blue SATA SSD a couple months ago and that came up on my radar then, so I bought direct. YMMV, do some quick homework on it"
buildapc,ffakecl,t1_ffajwsh,1579737925.0,"Yeah I wasn't concerned about the heat dissipation, that was more discussing the thing aging and losing performance.

But damn, oh well. Maybe an AM3+ to AM4 adapter bracket exists, it did pop up in search results so I'll see if it's real later tonight.

Thanks!"
buildapc,ffak2yk,t1_ffajhff,1579737696.0,Do I get more FPS from a DDR$ motherboard?
buildapc,ffak1pk,t1_ffaixq6,1579737670.0,"Seems to bottom out at around $63 on PC Part Picker for 3000+ MHz. Nice to save $15 but I was hoping to avoid it altogether. Oh well not possible lol. 

Thanks!"
worldnews,ff67f9s,t1_ff65rbr,1579620917.0,"Fat the nutrient should be consumed regularly in recommended quantities (a pretty wide range) from a variety of animal and plant sources with minimal processing and avoiding excess saturated fat.

Body fat is accumulated excess of calories (not only fat calories but all calories) that, for healthy men, should generally never be below 5-8% of body weight for health and cushioning of your major organs and your brain. For peak health, it's not even unreasonable to have 12% body fat, and will depend person to person. Accumulating 20% body fat or more starts to get hazardous, and 30% will pretty much guarantee long-term health detriments to a mild or to a severe degree. Accumulating 40% body fat or more will expect to easily subtract a decade or more off of your life expectancy and significantly reduce the quality of life of the years you do get to experience.

All of these do damage over time, and it will very rarely not be extremely beneficial to lose weight to the target range, moreso the younger you are.

Keeping body fat between 5-15% of body weight (a very sizable range) will keep anybody in fantastic shape, provided it's achieved by calorie management of nutritious foods and vigorous exercise and not, for example, eating disorders like anorexia or bulimia. 

The body fat numbers above will vary for women, I just don't have those numbers off the top of my head.

Go to r/Documentaries to see yesterdays top post of the autopsy of a morbidly obese woman to hear expert opinions for *how* exactly excess body fat damages most of your major organs over time. NSFW."
MealPrepSunday,ff5wn43,t1_ff5ro6f,1579612726.0,"Yup, reusable silicon plastic bags on Amazon, or perhaps other locations if you don't like Amazon"
CozyPlaces,ferwo83,t3_eq4yv5,1579359079.0,I have that same carpet from Amazon!
ContagiousLaughter,feo7hf9,t1_fentdq7,1579296192.0,"Great. Bad shit happens before then.

But nice, I have used an auger before so you didn't even get that part right either."
ContagiousLaughter,fenbgok,t1_femnvdr,1579281109.0,"Spoken like somebody who has never gone on LiveLeak to see industry accidental deaths. It's not the size of the opening but the force that will liquify you as you get pulled through.

I mean this auger won't have the same power as an industrial lathe but never doubt a machine's ability to fuck your shit up."
personalfinance,fena205,t1_femtoa2,1579280234.0,"For IRS free file, does this do everything if I had a non-retirement brokerage account to trade stocks with short-term capital gains?

I've only used TurboTax and if you had investments you needed TT Premier."
nfl,feijuhq,t1_fei227u,1579140201.0,Nah the first thing to go with age is always the strength in your erections
Rabbits,feijjmy,t3_ep8yp1,1579139996.0,This bun. This bun right here is a sweet one.
actuary,feijcn3,t3_epbwaf,1579139870.0,"Connecticut has had net population decline for a while. A few big enough companies to make headlines have moved out.

There's still jobs to be sure, quite a few big name companies. If you like it then sure, West Hartford is nice and has a decent bar scene with restaurants, and you get a nice clash of Boston and New York sports fans.

But since you said that you're considering Hartford because it has a relatively low cost of living when compared to NYC, I know somewhere else that also fits that criteria:

Literally everywhere."
exmormon,fefc2xy,t1_fee2q5x,1579053059.0,"If I'm not mistaken, the reactions are ordered left to right, starting with the most common. A minimum of 3 people reacted with a laughing emoji lol"
RimWorld,feerbji,t1_feeg5fr,1579039547.0,That's what they said
funny,fedop76,t1_fedm979,1579016569.0,"Well Coziest Pigeon is a big fan of Whose Line

Compliation videos take up all his time

He thought this habit made his parents not love their kid

But if he paid attention he'd find out they never did"
todayilearned,fe3zg06,t1_fe3sfg7,1578854309.0,"That's the glory of it - extra time not spent commuting can be used for literally anything you like. Overtime, hobbies, exercise, furious masturbation, time with the family, the possibilities are endless"
Economics,fe3y4jj,t1_fe3qbae,1578853936.0,I make good money in a low-stress job with people I like and a boss that is great to work for and I still wouldn't go if I didn't need money.
LifeProTips,fdrnw86,t1_fdrhywv,1578687215.0,"The real LPT is always in the comments and comes 2 days later.

This is really interesting actually, thank you"
nba,fdqtl3h,t1_fdqhl5p,1578674593.0,Don't even bother hoping for three
nba,fdqsnpp,t1_fdpubhr,1578674025.0,Aren't cheetos just basically carrots for fat people?
todayilearned,fdqpkzz,t1_fdqo7sh,1578672131.0,Well isn't that just the normal bends in an uncommon manner
nba,fdpn14b,t1_fdp806e,1578633307.0,When do we get bowl bol bol
news,fdp4ljj,t1_fdozaj8,1578619865.0,"Providing details allows for the opportunity for holes in the story to become obvious.

Nobody with these details wants you or me to have that opportunity."
PeopleFuckingDying,fdovbxv,t3_emeuve,1578613703.0,"Must be New York, he's got Melo's three-to-the-dome celebration"
financialindependence,fdm1qsm,t1_fdm0diq,1578537738.0,"Using just this info right here, it seems like right now you're in the best option, disregarding the option of moving to a different location entirely, because that's a long-winded discussion at best.

Another potential option might be buying a bigger house that you then rent out and live with your tenants. You can find stories of people living rent free or at a profit doing this, depending on the circumstances.

As I mentioned elsewhere I'd still probably stay where you are, but I have different tolerances than a lot of people on this sub.

Is it an option to shop around for a different job that you don't despise? Not every job is quite as bad as the one you describe. One point of financial independence I lean heavily on is that having money allows you happiness, so working somewhere that you hate yourself for lots of money can be self-defeating. But hey for $190k I might be willing to hate myself for a couple years too.

I'm realizing that nowhere did I give you concrete advice but I hope it was at least a little helpful."
financialindependence,fdm1213,t1_fdm08m7,1578537275.0,"There's more to rent vs. buy than the plain expected return. 

People have different risk tolerances, and buying a house leverages your investment very hard at first. People often make out like bandits this way, but ask anyone who bought at the peak of the mid 2000s housing market how they felt about that house for the next 10 years. Depending on where you live, they may have yet to return to their purchase price.

Owning a house also carries more short-term risk in that if you need to move for some reason in the first few years, you may have not hit your breakeven point yet, and could potentially be selling at a loss on top of that.

Or more simply, some people can just be debt averse in general. We know good debt exists, but I still take comfort in things like owning my car outright.

So no, it is not ""nonsensical"" to rent. This is a dead horse you're beating as everyone knows there are pros and cons. It's fine to rent as long as you know what you're giving up for what you're getting, and are comfortable with that."
Rabbits,fdlc7zp,t3_eltny5,1578520920.0,This made me unreasonably happy
nba,fdkurz7,t1_fdkqqiu,1578511581.0,"Yeah debt selling is totally fine in and of itself, and I'd argue necessary for some businesses to recoup some of their losses for doubtful accounts, and not use their resources towards debt collections of which they are probably not equipped for. It's just that people who do it are often scum of the earth and very often see no recourse for harassment amd dehumanizing practices. The examples shown by John Oliver are infuriating. 

I just don't like when the typical reddit knee-jerk reaction is to immediately jump to outlawing debt-sale entirely. That's how the world works and is beneficial if done better."
todayilearned,fdkrdvr,t1_fdkqbuw,1578509568.0,"> He turned it in anonymously, and ended up getting sentenced to 14 years for unrelated crimes, the owner got sentenced to 30.

Putting this in the same sentence implies causality. It's MUCH easier to get clearer than this. Notice how many people came in here thinking the two were related?

One alternative example that I've, yes, *easily* come up with:

> He turned it in anonymously and the owner got sentenced to 30 years.

It's not relevant to the act described, so it doesn't belong in the title. Tangential information being put where it doesn't belong causes these misunderstandings because it's assumed to have greater importance than it already does.

""lmao"""
nba,fdkp0rt,t1_fdkiks7,1578508161.0,https://www.reddit.com/r/nba/comments/rdhr0/nbacoms_dnd_reason_for_tim_duncan_tonight/?utm_medium=android_app&utm_source=share
todayilearned,fdkou7g,t1_fdkodyv,1578508052.0,As part of the same sentence? I don't think so. This is clickbait 100%
YouShouldKnow,fdkadan,t1_fdk27xz,1578499666.0,"u/ATM_MAT is just a bootlicker, plain and simple"
YouShouldKnow,fdka0ol,t1_fdk84f0,1578499441.0,"Good thing there should be a record of any such thing happening.

Bad thing is they shouldn't be stopping for mild speeding in such scenarios, and such records will be forged or not included at all in a formal setting."
NYKnicks,fdk8154,t1_fdjbg4o,1578498185.0,Offensive boards are a very important stat but are known to be inflated occasionally when your team misses a lot of shots
nba,fdiopk4,t1_fdioidy,1578447622.0,Which G word
lagoloaf,fdiojsq,t3_eljtii,1578447519.0,"r/LostRedditors

Although I'm sure we all enjoy our cow friends"
nba,fdio91s,t1_fdigul3,1578447328.0,"I was just reading about this in another reddit thread today.

None of this is unique to where you live. Most regions of the U.S. have some common variant of ""We experience all four seasons in a week!""

I can confirm this having moved from New England to the Midwest. It's all the same observations, with different accents."
nba,fdig4jp,t1_fdife19,1578442136.0,Phoenix?
nba,fdid7bg,t1_fdic2ja,1578440238.0,"""We see the sun almost 3 times a year""

-Cleveland

""Our economy's based on Lebron James""

-Also Cleveland"
notliketheothergirls,fdhnvcx,t1_fdh2jy4,1578426607.0,"She wasn't under concrete, there was like a couple small pieces"
AskReddit,fdhf3ha,t1_fdh8h5i,1578421308.0,TIL my wife is a sous chef
LifeProTips,fdhe76y,t1_fdha6lc,1578420772.0,"Hey I'm just chiming into this conversation to say fuck you.

Weed is an illicit drug for most people."
stocks,fdhavso,t1_fdh3re4,1578419085.0,Yeah I wonder if my orthodontist will be pissed he can't upgrade his Porsche again
civ,fdh9kah,t1_fdh0e04,1578418324.0,"How can this be Asia without Florida

We need answers"
personalfinance,fdh9cbz,t1_fdf8hx1,1578418189.0,"Does an individual investment account make for a ""complicated"" return? Pretty sure that on TurboTax needed a full itemized list of stock transactions and my return was like 60 pages long with the supplemental sheets.

Also have a 401k, HSA, and Roth IRA but I don't think that'll make things complicated."
nba,fdcssbn,t1_fdcp0kg,1578283296.0,"That looks like half North Korea, half Mike Break, and half r/IHadAStroke"
buildapc,fcxn0cx,t1_fcxkm87,1578066821.0,"I did look at CPUID HW Monitor at the time, I don't believe it was capped out at 100%.

Several months ago it did max out while playing Overwatch so I know my CPU has been a bottleneck before. I forget what settings I switched up but I think it's fixed, if I remember correctly.

I might have some time to game over the weekend, I'll watch the CPU usage and temps more closely then.

Maybe I'll also use AMD Radeon Software as I think that also can track your hardware usage. Might as well put it to work instead of just yeeting it into existence every time I try to add a row in MS Excel..."
hmmm,fcri8lf,t1_fcraq58,1577902160.0,"You:

>I'm delivering a point successfully

Me:

 [https://streamable.com/d38wq](https://streamable.com/d38wq)"
hmmm,fcqtx92,t1_fcqtgjf,1577892146.0,Looking away from the road is never safer than paying attention. Do we all do it sometimes? Absolutely. Are you correct? Nope.
comedyheaven,fcqpxro,t1_fcp8fxl,1577890301.0,"*Cries in FX-8350*

*Tears evaporate instantly on contact with floor*"
MapPorn,fcqp9tl,t3_ei86br,1577889962.0,Did he just completely nope away from Connecticut all these years
JusticeServed,fcnc92n,t1_fclywtv,1577808581.0,People DO sometimes get away from something like that.
pcmasterrace,fcl8v5y,t3_ehsn8d,1577742327.0,"It's an old build, using a NZXT Phantom 410 case. Pretty sure it has something to do with the fan speed switch on the front panel, but I dont think I have a header on my mobo. It goes up and connects to the front panel but the attachment point isnt labelled.

Also likely associated are 3 4-pin headers at the end of cables.

I got an ASRock 970 Extreme4 mobo that I don't think has any headers for these cables.

User manuals long gone but I think I found the PDFs online, still can't figure it out.

EDIT: Since I got instant feedback it's a molex, I don't think my mobo has a molex header, so I'll have to hide this thing in the back panel somewhere again. Thanks!"
buildapc,fci4si9,t1_fci3ruu,1577657784.0,"I was trying to avoid spending the money but nearby there's a 16GB stick for 4 bucks. Might just spring for that.

Either way, I don't think I could do the list above, unless I create a small partition just for the .ISO file. Seems like the windows installer and destination drive might need to be separate drives."
buildapc,fci3l5w,t1_fci32ie,1577657357.0,"Ah. I don't have an flash drive to boot from for Windows 10, so I'm using [this video](https://www.youtube.com/watch?v=_qop5s5JatQ) to install without a flash drive or DVD.

Could I install windows 10 by doing the following

* Copy the .ISO file to the new SSD
* Power down
* Disconnect all hard drives except the new SSD
* Power on"
buildapc,fci2n1k,t1_fci23ah,1577657011.0,"I was kinda thinking about that. So to be clear, I'll finish up my prep, and then only have the old and new SSD connected during the install? That should prevent any of my 2TB HDDs getting blown up by some mistake."
nba,fc2zo21,t1_fc2zjcj,1577378127.0,Bradley AND Rondo were great on the Celtics
nba,fbtgxwv,t1_fbt7ats,1577078497.0,Thicc daddy 😏
