subreddit,self ID,parent ID,time,text
AskReddit,ff9rfpf,t1_ff94jd6,1579719469.0,"No, it doesn't. People who talk about themselves have only one topic, people who talk about everything except themselves have all other topics to explore. It's just a bit weird not to say anything about your life or opinions."
AskReddit,ff9r5eu,t1_ff8o4om,1579719247.0,"I try to get to know some facts about people, but there are some who are always getting out of a question even if it's direct, like turning it into a joke. I don't know, maybe it's a form of shyness, but it can be irritating."
AskReddit,ff9q6is,t1_ff9kngx,1579718509.0,Sounds good!
AskReddit,ff9gphg,t1_ff9c812,1579712642.0,I'm always happy for people who love their job. So what do you research?
todayilearned,ff99svd,t1_ff98k6t,1579708113.0,"It was 14th century. Medicine was a mix of superstitions, wild guesses and bits of (not necessarily useful) knowledge that survived from antiquity. Doctors believed that people consist of four main fluids that can be either hot or cold and that disease is caused by fluids going into disbalance or getting either too hot or too cold. So the king's doctor decided that his patient was too cold, and tried to make him hotter. Everyone knows that drinking brandy makes you feel warm inside, so it must work on your outside the same way, right? 

Anyway, this probably could be useful for disinfecting any skin lesions he might've had, but not for much else. Also alcohol evaporates quickly so the king probably was getting colder instead of warmer. Until he was lit on fire, that is."
todayilearned,ff8j0wr,t1_ff851sd,1579680723.0,Thank you so much. It's like a story written by Poe or Lovecraft.
AskReddit,ff8heea,t1_ff8d932,1579678592.0,That's more creepy than boring. Also there are people who start asking very specific questions when you've just met and you understand from the beginning they just want to know how to use you for their advantage.
AskReddit,ff8havv,t1_ff8fkf9,1579678467.0,It's much better than talking only about yourself. But it can be weird if you know a person for a long time and then you realise you don't actually *know* them.
AskReddit,ff8aqpg,t1_ff859ly,1579671148.0,"Depends on type of work, I would be interested in talking to a person who is, for example, a professional zoologist (and if the animals he/she researches interest me)."
wikipedia,ff845nm,t1_ff7w6v2,1579665503.0,Sad but not surprising. It was obvious he needed help.
Paleontology,ff83zjx,t3_es4snm,1579665376.0,"*middle of Triassic

The start was just Lystrosaurus everywhere"
biology,ff83iur,t3_es18fj,1579665022.0,"We humans are microsmatic animals. That means our sense of smell is very bad compared to most other mammals. Our olfactory bulbs are miniscule. We depend on visual signals first and foremost. If we have any sex pheromones (and that is a big IF), their role is probably negligible compared to other factors."
biology,ff82pa0,t1_ff7e4ya,1579664414.0,"No, he's spreading wild ass conspiracy theories. Scientists who worked on newest immunotherapy treatments for various cancers are all fine."
natureismetal,ff80b3z,t1_ff7o3q0,1579662671.0,"I get your joke, so just in case if anyone is confused: free-living in this context means ""not a parasite""."
todayilearned,ff7s7xk,t1_ff7eyv9,1579657089.0,"I'd say with this number he's not amateur anymore. Got too confident, I guess."
todayilearned,ff7rm7g,t1_ff7ky3o,1579656675.0,Death penalty was a poor deterrent even when it was public and gruesome. There are accounts made by 18-19th century people who witnessed hangings and beheadings and saw pickpockets stealing from the crowd even as some unlucky thief was being executed for the same crime.
medizzy,ff7m1qm,t1_ff2tuvm,1579652778.0,"It has a name, it's humster."
AskReddit,ff6cdxa,t1_ff62tfd,1579624127.0,You can also medicate people with bipolar and depressive disorders.
AskReddit,ff6c7cy,t1_ff5wvfa,1579624011.0,Plus you can painlessly kill anyone by making a sphere of helium around their head.
AskReddit,ff6c1hs,t1_ff5vptz,1579623908.0,Controlling K ions in the nervous system. Now we're talking.
AskReddit,ff6buqx,t1_ff5vqi8,1579623788.0,Two words. Diamond claws.
oldschoolcreepy,ff66qeo,t3_erw261,1579620457.0,"Moretto is Venetian type of [visard](https://en.wikipedia.org/wiki/Visard) mask. It was worn without straps, held by teeth from inside."
natureismetal,ff4qnnu,t1_ff4pv3y,1579570115.0,A flying particle reflecting the light
natureismetal,ff4qiqt,t1_ff4n8gf,1579570022.0,"""There are deer which are food""

""This deer is no food""

""Next time check if the deer is no food before eat"""
CreepyWikipedia,ff47rbm,t3_eri90i,1579557385.0,Sounds like a man who successfully made a lot of people think he's dumber than them.
UnresolvedMysteries,ff2s05v,t1_ff2lm90,1579521575.0,"Sounds plausible, especially if they were foreigners. Maybe tourists who tried to help but then panicked, decided to leave the body somewhere and went back to their country so no one heard about them anymore."
Paleontology,ff2pajx,t3_eqwaj8,1579517625.0,"That's a nice hairy bignose, would be sad if someone hunted it to extinction"
CreepyWikipedia,feyrnhm,t1_feo74ap,1579449764.0,"This doesn't happen every time. I imagine people sentenced to death don't eat a lot before their execution, so there won't be much defecation. Urine and feces can be washed off, just ask any parent of small children. And the last thing, even very ragged and filthy clothes had some value back in the 19th century, because they could be sold to make paper."
CreepyWikipedia,feyor4c,t1_fex7767,1579448459.0,"Serves him well, he'll never be as famous as Jack the Ripper and will die in obscurity."
science,fepfhe9,t1_fep9vix,1579319191.0,"We need an artificial womb. Throw your zygote in, come back in 9 months."
weatherfactory,fepf50i,t1_fep9dkt,1579318952.0,"Idk, the owner writes a lot and doesn't sing of love, more likely he's into Enlightenment, and the cat is into Sensation (as all cats probably are). If this cat had to found a cult, it would be Grail."
TheOnion,fepbu57,t1_feov89d,1579316706.0,I'd watch this movie
mycology,fepbr7u,t1_fep2avf,1579316652.0,"What if the sofa is, say, natural cotton with buckwheat filling?"
marinebiology,fene0jz,t3_epywsd,1579282666.0,It is also a damn fast swimmer for a bivalve
interestingasfuck,femhuxz,t1_fema6ui,1579256354.0,"I only spent about two months there doing a summer school in French-speaking part of Switzerland. Didn't see any mistrust to me or other foreigners, but it was an academic setting and we were wide-eyed students, so it's very much not the same as everywhere. I totally get frustration from shops closing early, there are no 24-hour places at all, and even the airport closes for the night. I have visited several countries and never saw an airport without red-eye flights. 

Anyway, I would love to visit this country again, even though it's expensive as heck. It was a beautiful experience but I didn't have enough time to explore everything I could afford."
AskReddit,felyiv6,t1_felxown,1579234212.0,"Interesting, maybe I should try doing the same. Grey means the protein is denatured, like in boiling, shouldn't be a problem."
AskReddit,felx073,t1_felwmme,1579233057.0,How long do you soak it?
AskReddit,felwlev,t1_felukae,1579232754.0,That's just outsourcing your digestion.
biology,felub4i,t1_feltoka,1579231118.0,"Cube root of 14300 is 24.2723604292, I've rounded it up."
AskReddit,felsvzy,t1_felhepu,1579230112.0,"Ordinary green kiwi is Actinidia deliciosa, golden kiwi is Actinidia chinensis. And there's also their lesser known relative Actinidia kolomikta. It has small green fruit which looks like round grapes, no furry skin, very sweet and not acidic/burning at all. I wish it was cultivated more."
AskReddit,felsce9,t1_felgqth,1579229729.0,It dissolves proteins. You can soften beef with kiwis but I've heard that too much time in kiwi marinade turns meat into disgusting mush. I don't want to try it myself.
AskReddit,felrsiq,t1_felgl9t,1579229350.0,"Those hard pears are good for marinating and cooking. Eating raw, not so much."
AskReddit,felrdba,t1_felqdd7,1579229065.0,"They are safe and even have some health benefits. They crunch but get into teeth like raspberry seeds do, so I don't like them. Also they feel dry and taste bitterish, like tannins in tea."
biology,felorpm,t1_felkcot,1579227275.0,Only if its other dimensions stay the same. It'll be a mile long noodle as thick as a normal mantis. We need to multiply all three dimensions by about 24.3. That's around seven feet tall.
natureismetal,felkxau,t1_fekjr2r,1579224646.0,>Authorities advise that outdoorsmen wear little bells on their clothing so as not to startle bears that aren't expecting them. They also advise outdoorsmen to carry pepper spray with them in case of an encounter with a bear. It is also a good idea to watch out for fresh signs of bear activity. Outdoorsmen should recognize the difference between black bear and grizzly bear dung. Black bear dung is smaller and contains lots of berries and squirrel fur. Grizzly bear dung has little bells in it and smells like pepper.
interestingasfuck,feldwpk,t1_fel6ide,1579219893.0,*laughs in Giant Asian Hornet*
interestingasfuck,feldmew,t1_fekp5kf,1579219700.0,"No place is heaven in Earth, but Switzerland def has some things that make it unique. I honestly don't understand how they managed to end up with four languages, distinct borders between three linguistically different areas, direct democracy, canton independence and stayed a country which is doing pretty well."
WTF,felcib7,t1_fel9b76,1579218956.0,"Didn't know about the German law. I like this idea. There are also those short legged cats, they supposedly look ""cute"" but it hurts to see an animal made for pouncing and jumping to be purposefully distorted like that. Why do people even need that when ordinary cats are already perfect."
WTF,fejyor3,t1_fejn7f3,1579188854.0,"Fruit bats and megabats are the same, no? Just as everyday tiny little bats are microbats."
biology,fejx7bi,t1_fejoreh,1579187910.0,"C is ""what did ya say, ya little shit"""
AskReddit,fejw8rh,t3_epige8,1579187289.0,"A bad oyster. I've spat most of it out, rinsed my mouth and had a few charcoal tablets after that, but the taste lingered.

Honourable mentions: that French sausage that smells like shit, boiled tripe, sea cucumber (tastes not bad but has an unpleasant slimy texture).

Also I had an ice cream in China which was somehow greasy, and had a synthetic, not-exactly-sweet taste. Worst ice cream in my life."
AskReddit,fejv87j,t1_fejmgxl,1579186624.0,"Moreover, why do people believe the extraterrestrial life must have any semblance of intelligence. Or be multicellular at all. If we find a single amoeba on some other planet, it will be mind-blowing already."
AskReddit,fejtv43,t1_fejqqli,1579185725.0,"Epilepsy sucks, but at least sometimes it gives a warning. It's a weird thing. I remember reading that Dostoyevsky described his auras as blissful  and even said that he was grateful for such an experience."
todayilearned,fejt2ku,t1_fejn81b,1579185167.0,"You don't see the difference between lack of motor functions and lack of consciousness. You seem not to know about the fear response to hypercapnia and that the whole point of tetrodotoxin poisoning is that you stay aware and thus can feel emotions. And the thing about ""can't panic if there's no feedback from the body"" isn't true (see locked-in syndrome and sleep paralysis). So I guess it's you who needs to do some homework on neuroscience, not me."
AskReddit,fejqofh,t1_fejpqyg,1579183423.0,"Bears do cache food, though. I remember there was a case when a bear mauled a guy, put some branches over him and went away. He had to dig himself out of the pile and managed to survive."
AskReddit,fejlcea,t1_fei92iu,1579178785.0,"No, he got a really bad case of untreated psoriasis. The bear story was bullshit. Just Google ""psoriasis bear den"" and you'll see articles about it."
AskReddit,fejhdmu,t1_fej683z,1579174324.0,"Could it be an epileptic seizure? People usually don't remember how a seizure started and how long it was. And there's often an ""aura"", a weird brain thing that happens right before a seizure. It can involve strange feelings, hallucinations and a lot of other things."
todayilearned,fejegee,t1_fejcuxw,1579170118.0,"Blue octopus' venom paralyses your muscles (not the heart muscle, though). That means that when you try to breathe, you literally can't. You don't fall asleep peacefully as it would be with, say, nitrogen asphyxiation. CO2 levels in your blood rise. Fear of choking to death is hardwired into our brain, it goes into full panic mode when CO2 level hits dangerous level, everything it wants now is to get a gulp of air, but to do that, the body needs to move its respiratory muscles, and they are paralyzed. You spend a couple of minutes in primal abject fear before everything goes dark. No one sees your agony because you can't move. 

There are worse ways to die, but this one isn't the best for sure."
todayilearned,feg3nnx,t1_feg3exs,1579075476.0,Fabulous
todayilearned,fefh7zl,t1_fefg55z,1579056262.0,"He was also an interesting ruler to say the least. The person who literally built towers from skulls of his fallen enemies made a lot for science and culture in his lands. He built schools, sponsored artists poets, and made his capital Samarkand a center of learning."
todayilearned,fefg1yh,t1_fefdyvu,1579055564.0,"An enlightened king, lover of culture, murdered during a masquerade. How cinematographic. He was an interesting ruler indeed, and a good one in many regards, although his desire to make war after Sweden had already lost not one, but several wars, was pretty self-destructive."
todayilearned,feffelb,t1_fef0r77,1579055173.0,"Reminds me of an old story of Nasreddin teaching a donkey

>Tamerlane was looking for someone to teach his donkey to talk. Nobody wanted the job. Finally the wise men of the dunes - Hodja Nasreddin took the position and promised to teach the donkey to talk in 10 years time.
""Are you crazy?"" his friends asked him.
""Not really"" Hodja answered. ""The money is good, the job is not hard, and in 10 years a lot might happen: I might die, or Tamerlane might die or surely enough this old donkey might die."""
todayilearned,feff5fi,t1_fefbtmg,1579055015.0,Maybe that also was an experiment to determine what is the lethal dose of semla.
AskReddit,fefdy4y,t1_fedsjez,1579054265.0,The only thing that would work for me. I get tipsy after a pint of normal beer. My liver is worth more than a million dollars.
AskReddit,fefdn2b,t1_fef3gt3,1579054070.0,Always wanted to try some beer soup. There are German and Czech recipes which sound quite tasty.
AskReddit,fedqn6r,t1_fe92yyy,1579017787.0,"Male elephants are known to get into a berserk state called musth. They are overloaded with hormones, crush and destroy everything, stomp humans, even try to rape other animals. You can recognize musth because an elephant experiencing this has some kind of secretions oozing from his head. It's scary how a massive animal which is usually calm and smart can turn into a mindless monster."
CreepyWikipedia,fecyxwt,t1_febnr4m,1578990447.0,"I know that ""I don't believe in smth"" means ""I don't approve smth"", still it sounds a bit silly."
AskReddit,feckpzx,t1_fe9obdz,1578976294.0,"There are still some places (far North-East) where the easiest way to get there is by rivers, boat in the summer and car in the winter."
AskHistorians,feafcpy,t1_fe9fvyc,1578948003.0,"Thank you for a thorough answer. I guess it's really not feasible to look for rightful owners on the sea when you can just take what was already taken. Could the merchants try to protect their wares by stamping or otherwise marking them, as the Royal Treasury did with ingots?"
todayilearned,fe611bl,t1_fe5ktx6,1578879386.0,"Pirates were ""enemy of all mankind"" because they operated in international waters, everywhere and nowhere in particular, and attacked all nations' ships indiscriminately, not because of moral priorities."
CreepyWikipedia,fe5xmuh,t1_fe407a2,1578877222.0,"""do not believe in homosexuality"" 

How. It's like not believing in existence of red hair or vegetarians."
NatureIsFuckingLit,fe5s7r7,t1_fe2sfaa,1578873804.0,"Animals often use human roads because it's, well, easier to go by roads. Also roads are built without regards to animal territories or migration patterns. If someone built a concrete pad over a meadow you used to walk through every day, you'll walk over concrete pad, too. It's more a question of ""why is there a road in a koala habitat""."
science,fe0k4cj,t1_fe09cdc,1578814777.0,"It's called placoid scales. It's different from what you see on teleosts, but it is one of many types of fish scales."
CreepyWikipedia,fe06rjt,t1_fdxffjs,1578804508.0,You ever have procrastinated too long over a thing that you just don't want to do?
etymology,fdwzqpt,t3_emz7l1,1578763832.0,"It's on the Russian wiki, and the source given is a book written by Dmitry Mendeleev which I can't access, but here it goes.

[The article about Dmitry Mendeleev's father Ivan](https://ru.wikipedia.org/wiki/%D0%9C%D0%B5%D0%BD%D0%B4%D0%B5%D0%BB%D0%B5%D0%B5%D0%B2,_%D0%98%D0%B2%D0%B0%D0%BD_%D0%9F%D0%B0%D0%B2%D0%BB%D0%BE%D0%B2%D0%B8%D1%87#cite_note-3) says that he was a son of a priest whose surname was Sokolov. But when Ivan began studying in a seminary, he became Ivan Mendeleev. Why? Because there was a weird tradition of ""seminary surnames"". [Here's a source in English on googlebooks that describes it a bit](https://books.google.ru/books?id=Ei9QBwAAQBAJ&pg=PA425&lpg=PA425&dq=seminary+surname&source=bl&ots=sd0PRUoWAx&sig=ACfU3U1nrI4EhPtExsitx_QABIJg98aSHA&hl=ru&sa=X&ved=2ahUKEwjjidS-hvzmAhXNs4sKHXQUCQYQ6AEwDnoECAYQAQ#v=onepage&q=seminary%20surname&f=false). They could be very different: some were inspired by the Bible, some were related to the student's own peculiarities, some translated the roots of his name into Greek to make it more scholarly sounding. [Here's a big article, in Russian only](https://ru.wikipedia.org/wiki/%D0%A1%D0%B5%D0%BC%D0%B8%D0%BD%D0%B0%D1%80%D0%B8%D1%81%D1%82%D1%81%D0%BA%D0%B8%D0%B5_%D1%84%D0%B0%D0%BC%D0%B8%D0%BB%D0%B8%D0%B8). Sorry for that, seems there aren't any thorough sources in English. 

Ivan Sokolov's name change was very simple, according to that wiki page: he was given the surname of a local landowner, Mendeleev. First syllables of ""Mendeleev"" sound a bit like a phrase which can be translated as ""to do an exchange"", and Ivan had made an exchange of goods recently, and the landowner was known to exchange his horses a lot. So that's how the dad got this surname, and his famous son inherited it.

As for the surname itself, yep, it's most likely Yiddish in origin as postthereddit already said."
CreepyWikipedia,fdsy9r5,t1_fdsepc9,1578709509.0,"This kid stomped kittens to death. When he decided to kill his victim, he chose the most cruel way to do it. Two weeks passed after the rape, so the burning was premeditated. Also he raped another kid after that. Whatever happened to this person, it made him irredeemably broken. Personally I wouldn't have any ethical concerns with killing him, but I also understand your point of view. It's a tragedy that a person who had potential to become anything else became a monster. Maybe it could've been avoided earlier in his life, but we'll never know."
movies,fdr04gk,t1_fdo5rge,1578677761.0,"Just watched it for the first time, although I knew the story of Timothy Treadwell. It's a great film about a very strange man. And Herzog really nails it when he talks about heartlessness of nature with all the beautiful Alaskan landscapes and animals in the background."
IAmA,fdpoenf,t1_fdpnsyp,1578634584.0,"Thanks for the link, I'll go read that Outside article that is linked there."
fallenlondon,fdpgfi0,t3_emhq7f,1578627964.0,"Really, who would choose to go there?"
IAmA,fdoytfe,t1_fdoij91,1578615989.0,"Interesting! Were those bars the only thing you ate? Did you have any other things to maybe reward yourself, like chocolate or hot drinks?"
IAmA,fdoyjqy,t1_fdoxa3q,1578615812.0,"""Go out and exercise"" has been a working weight loss scheme forever. It has only one downside: you have to go out and exercise."
CreepyWikipedia,fdox3qp,t3_emcwfb,1578614866.0,"If we can put down a dog for biting a human, we can put down a human who raped and burned a kid."
AskReddit,fdnsbj0,t1_fdnew8r,1578591837.0,Clams are probably the only animals that used to have heads and then evolved to live without any. Don't need to process information when you are just a living filter.
todayilearned,fdmqcsp,t1_fdmovr4,1578560578.0,"What would you say about majority of people on ""Unusual deaths"" wiki page? They all died in a stupid and/or horrible way, but they got a mention."
interestingasfuck,fdj8wof,t1_fdj016h,1578461841.0,"As a person who once randomly bumped into a lemon tree and unintentionally caused a large lemon to fall down into a pool, I assure you, ripe lemons can and do fall down if the tree is hit with enough force."
evolution,fdj0tvb,t3_elkyd0,1578455567.0,"Cytokines. Receptors. Neurotransmitters. Signalling pathways. Proteins changing conformation. Ion gradients. That's how cells communicate, and it's all pure chemistry and physics that is quite understandable, really. It's just there's a lot of things going on molecular level, and many people don't know where to start. That's why students start with basic cytology and then go on to more complex biochemistry."
marinebiology,fdizqip,t1_fdidqop,1578454804.0,Maybe thrown out of the sea by a huge wave?
interestingasfuck,fdiz09q,t1_fdioxy9,1578454306.0,"Ehh, it would take one asshole to slap the tree to make them fall down."
UnresolvedMysteries,fditiot,t1_fdhkxeo,1578450697.0,"Having a library or even some luxuries on a ship going to polar regions is totally justified because long nights and hard work without any entertainment lead to all kinds of psychological problems. But I should've been more exact, I meant that Franklin's men took some things with them which can be considered luxurious and unnecessary when they left their ships. It wasn't a scientific expedition anymore, but a matter of survival. Wiki quote:

>At another site on the western extreme of the island, Hobson discovered a lifeboat containing two skeletons and relics from the Franklin expedition. In the boat was a large amount of abandoned equipment, including boots, silk handkerchiefs, scented soap, sponges, slippers, hair combs, and many books, among them a copy of The Vicar of Wakefield. 

Another one:

>Some of the crew members heading south from Erebus and Terror hauled many items not needed for Arctic survival. McClintock noted a large quantity of heavy goods in the lifeboat at the ""boat place"" and thought them ""a mere accumulation of dead weight, of little use, and very likely to break down the strength of the sledge-crews"".

Books could be used for kindling, spare boots are also not bad, but other stuff seems very random, and the contemporary searchers thought the same. Maybe they planned to use these things to trade with natives, who knows. I think I saw a suggestion that this strange assortment points to mental decline caused by lead poisoning."
oldschoolcreepy,fdg49vh,t3_el7258,1578379444.0,/r/cursedimages
UnresolvedMysteries,fdd3g0h,t1_fdd2ojk,1578293204.0,"They had to drag their 200kg sledges every day in the cold. That must burn a looot of calories, so I can totally imagine eating kilos of meat and fat to get fuel for such exhausting activity. 

Yeah, I've heard about blood pancakes, although haven't tried them. Just thought it would be interesting to share. Also blood is probably less dangerous than raw meat, because Trichinella larvae infest muscles, not blood."
UnresolvedMysteries,fdcyy5k,t1_fdbv76i,1578288505.0,Reminds me of Franklin's expedition. They brought luxury things and an entire library with them. Their silver plates and utensils were later found and used by Inuits.
UnresolvedMysteries,fdcuoq1,t3_ekey5u,1578284830.0,"Thank you for this write-up. This is one of lesser known disastrous polar expeditions and I am quite fond of this topic. I remember stumbling upon this story for the first time. It was a website in Polish with Strindberg's photos on the page and I was so fascinated by them I read the entire thing in one sitting with the google translator. It said they did eat raw bear's meat, and also made some kind of cakes from bear's and seal's blood. 

Whatever was the cause of their deaths, it certainly wasn't scurvy, because fresh meat contains some amount of vitamin C. What a bummer they didn't study the bodies before cremation. Forensics could answer a lot of questions even 90 years ago."
tilwtf,fdcmoze,t1_fd9lyy0,1578278725.0,"Too close to things made out of body parts for me, thanks."
tilwtf,fdcm8ww,t1_fdazl3u,1578278409.0,Yep. The image of a cat stealing away its owner's breast milk jewelry is stuck with me.
interestingasfuck,fd7thjb,t1_fd7s2tq,1578209850.0,"Yeah, it was very scary for a moment, but luckily for us there wasn't anyone nearby and the whole situation turned out okay for people and animals involved."
tilwtf,fd7qi1p,t3_ejr6ih,1578208510.0,"Dildos probably were used [since the beginning of humanity](https://en.wikipedia.org/wiki/Dildo#History), it's just the word that exists since 1500s (although it really sounds modern)."
AskReddit,fd7pfke,t1_fd7m6uj,1578208041.0,/r/tilwtf
interestingasfuck,fd71uu6,t1_fd6ykzq,1578198409.0,"A predator sees prey, but the prey doesn't see it. Best thing the predator can do is to stand still to check if it's really unseen and then quietly get close enough to attack (as one puppy does in the end of the gif). I had cats that reacted to feathers the same way. They became still, eyes dilated, going into full attack mode, and then pounce. Dogs aren't usually considered to be ambush predators like cats, but they can sneak on prey animals, too."
interestingasfuck,fd70p51,t1_fd662k6,1578198032.0,"We had a German Shepherd, it tried to herd cows once. Cows weren't ours and we didn't know they were here until we walked out of the woods to see them grazing on a field. It was awkward. We called the dog back immediately, but it managed to get five or six cows in a small herd before that."
